2025/06/14-11:36:30.966138 7251f4ffbcc0 RocksDB version: 6.17.0
2025/06/14-11:36:30.966318 7251f4ffbcc0 Git sha 0
2025/06/14-11:36:30.966607 7251f4ffbcc0 DB SUMMARY
2025/06/14-11:36:30.966610 7251f4ffbcc0 DB Session ID:  K32V8CKR97BMD2ZNKE66
2025/06/14-11:36:30.966635 7251f4ffbcc0 SST files in /home/darshan/ic-projects/dkeeper/.dfx/state/replicated_state/node-100/ic_consensus_pool/consensus dir, Total Num: 0, files: 
2025/06/14-11:36:30.966636 7251f4ffbcc0 Write Ahead Log file in /home/darshan/ic-projects/dkeeper/.dfx/state/replicated_state/node-100/ic_consensus_pool/consensus: 
2025/06/14-11:36:30.966638 7251f4ffbcc0                         Options.error_if_exists: 0
2025/06/14-11:36:30.966639 7251f4ffbcc0                       Options.create_if_missing: 1
2025/06/14-11:36:30.966639 7251f4ffbcc0                         Options.paranoid_checks: 1
2025/06/14-11:36:30.966640 7251f4ffbcc0                               Options.track_and_verify_wals_in_manifest: 0
2025/06/14-11:36:30.966641 7251f4ffbcc0                                     Options.env: 0x5955f8d34380
2025/06/14-11:36:30.966642 7251f4ffbcc0                                      Options.fs: Posix File System
2025/06/14-11:36:30.966643 7251f4ffbcc0                                Options.info_log: 0x59565a84e6e0
2025/06/14-11:36:30.966644 7251f4ffbcc0                Options.max_file_opening_threads: 16
2025/06/14-11:36:30.966645 7251f4ffbcc0                              Options.statistics: (nil)
2025/06/14-11:36:30.966646 7251f4ffbcc0                               Options.use_fsync: 1
2025/06/14-11:36:30.966647 7251f4ffbcc0                       Options.max_log_file_size: 0
2025/06/14-11:36:30.966647 7251f4ffbcc0                  Options.max_manifest_file_size: 1073741824
2025/06/14-11:36:30.966648 7251f4ffbcc0                   Options.log_file_time_to_roll: 0
2025/06/14-11:36:30.966649 7251f4ffbcc0                       Options.keep_log_file_num: 1000
2025/06/14-11:36:30.966650 7251f4ffbcc0                    Options.recycle_log_file_num: 0
2025/06/14-11:36:30.966651 7251f4ffbcc0                         Options.allow_fallocate: 1
2025/06/14-11:36:30.966651 7251f4ffbcc0                        Options.allow_mmap_reads: 0
2025/06/14-11:36:30.966652 7251f4ffbcc0                       Options.allow_mmap_writes: 0
2025/06/14-11:36:30.966653 7251f4ffbcc0                        Options.use_direct_reads: 0
2025/06/14-11:36:30.966654 7251f4ffbcc0                        Options.use_direct_io_for_flush_and_compaction: 0
2025/06/14-11:36:30.966654 7251f4ffbcc0          Options.create_missing_column_families: 1
2025/06/14-11:36:30.966655 7251f4ffbcc0                              Options.db_log_dir: 
2025/06/14-11:36:30.966656 7251f4ffbcc0                                 Options.wal_dir: /home/darshan/ic-projects/dkeeper/.dfx/state/replicated_state/node-100/ic_consensus_pool/consensus
2025/06/14-11:36:30.966657 7251f4ffbcc0                Options.table_cache_numshardbits: 6
2025/06/14-11:36:30.966657 7251f4ffbcc0                         Options.WAL_ttl_seconds: 0
2025/06/14-11:36:30.966658 7251f4ffbcc0                       Options.WAL_size_limit_MB: 0
2025/06/14-11:36:30.966659 7251f4ffbcc0                        Options.max_write_batch_group_size_bytes: 1048576
2025/06/14-11:36:30.966660 7251f4ffbcc0             Options.manifest_preallocation_size: 4194304
2025/06/14-11:36:30.966660 7251f4ffbcc0                     Options.is_fd_close_on_exec: 1
2025/06/14-11:36:30.966661 7251f4ffbcc0                   Options.advise_random_on_open: 1
2025/06/14-11:36:30.966662 7251f4ffbcc0                    Options.db_write_buffer_size: 0
2025/06/14-11:36:30.966663 7251f4ffbcc0                    Options.write_buffer_manager: 0x59565a84e1c0
2025/06/14-11:36:30.966663 7251f4ffbcc0         Options.access_hint_on_compaction_start: 1
2025/06/14-11:36:30.966664 7251f4ffbcc0  Options.new_table_reader_for_compaction_inputs: 0
2025/06/14-11:36:30.966665 7251f4ffbcc0           Options.random_access_max_buffer_size: 1048576
2025/06/14-11:36:30.966666 7251f4ffbcc0                      Options.use_adaptive_mutex: 0
2025/06/14-11:36:30.966666 7251f4ffbcc0                            Options.rate_limiter: (nil)
2025/06/14-11:36:30.966680 7251f4ffbcc0     Options.sst_file_manager.rate_bytes_per_sec: 0
2025/06/14-11:36:30.966681 7251f4ffbcc0                       Options.wal_recovery_mode: 2
2025/06/14-11:36:30.966682 7251f4ffbcc0                  Options.enable_thread_tracking: 0
2025/06/14-11:36:30.966682 7251f4ffbcc0                  Options.enable_pipelined_write: 0
2025/06/14-11:36:30.966683 7251f4ffbcc0                  Options.unordered_write: 0
2025/06/14-11:36:30.966684 7251f4ffbcc0         Options.allow_concurrent_memtable_write: 1
2025/06/14-11:36:30.966685 7251f4ffbcc0      Options.enable_write_thread_adaptive_yield: 1
2025/06/14-11:36:30.966686 7251f4ffbcc0             Options.write_thread_max_yield_usec: 100
2025/06/14-11:36:30.966686 7251f4ffbcc0            Options.write_thread_slow_yield_usec: 3
2025/06/14-11:36:30.966687 7251f4ffbcc0                               Options.row_cache: None
2025/06/14-11:36:30.966688 7251f4ffbcc0                              Options.wal_filter: None
2025/06/14-11:36:30.966689 7251f4ffbcc0             Options.avoid_flush_during_recovery: 0
2025/06/14-11:36:30.966690 7251f4ffbcc0             Options.allow_ingest_behind: 0
2025/06/14-11:36:30.966691 7251f4ffbcc0             Options.preserve_deletes: 0
2025/06/14-11:36:30.966692 7251f4ffbcc0             Options.two_write_queues: 0
2025/06/14-11:36:30.966692 7251f4ffbcc0             Options.manual_wal_flush: 0
2025/06/14-11:36:30.966693 7251f4ffbcc0             Options.atomic_flush: 0
2025/06/14-11:36:30.966694 7251f4ffbcc0             Options.avoid_unnecessary_blocking_io: 0
2025/06/14-11:36:30.966694 7251f4ffbcc0                 Options.persist_stats_to_disk: 0
2025/06/14-11:36:30.966696 7251f4ffbcc0                 Options.write_dbid_to_manifest: 0
2025/06/14-11:36:30.966696 7251f4ffbcc0                 Options.log_readahead_size: 0
2025/06/14-11:36:30.966697 7251f4ffbcc0                 Options.file_checksum_gen_factory: Unknown
2025/06/14-11:36:30.966698 7251f4ffbcc0                 Options.best_efforts_recovery: 0
2025/06/14-11:36:30.966698 7251f4ffbcc0                Options.max_bgerror_resume_count: 2147483647
2025/06/14-11:36:30.966699 7251f4ffbcc0            Options.bgerror_resume_retry_interval: 1000000
2025/06/14-11:36:30.966700 7251f4ffbcc0             Options.allow_data_in_errors: 0
2025/06/14-11:36:30.966701 7251f4ffbcc0             Options.db_host_id: __hostname__
2025/06/14-11:36:30.966701 7251f4ffbcc0             Options.max_background_jobs: 2
2025/06/14-11:36:30.966702 7251f4ffbcc0             Options.max_background_compactions: -1
2025/06/14-11:36:30.966703 7251f4ffbcc0             Options.max_subcompactions: 1
2025/06/14-11:36:30.966704 7251f4ffbcc0             Options.avoid_flush_during_shutdown: 0
2025/06/14-11:36:30.966705 7251f4ffbcc0           Options.writable_file_max_buffer_size: 1048576
2025/06/14-11:36:30.966705 7251f4ffbcc0             Options.delayed_write_rate : 16777216
2025/06/14-11:36:30.966706 7251f4ffbcc0             Options.max_total_wal_size: 0
2025/06/14-11:36:30.966707 7251f4ffbcc0             Options.delete_obsolete_files_period_micros: 21600000000
2025/06/14-11:36:30.966708 7251f4ffbcc0                   Options.stats_dump_period_sec: 600
2025/06/14-11:36:30.966708 7251f4ffbcc0                 Options.stats_persist_period_sec: 600
2025/06/14-11:36:30.966709 7251f4ffbcc0                 Options.stats_history_buffer_size: 1048576
2025/06/14-11:36:30.966710 7251f4ffbcc0                          Options.max_open_files: -1
2025/06/14-11:36:30.966711 7251f4ffbcc0                          Options.bytes_per_sync: 0
2025/06/14-11:36:30.966712 7251f4ffbcc0                      Options.wal_bytes_per_sync: 0
2025/06/14-11:36:30.966712 7251f4ffbcc0                   Options.strict_bytes_per_sync: 0
2025/06/14-11:36:30.966713 7251f4ffbcc0       Options.compaction_readahead_size: 0
2025/06/14-11:36:30.966714 7251f4ffbcc0                  Options.max_background_flushes: -1
2025/06/14-11:36:30.966715 7251f4ffbcc0 Compression algorithms supported:
2025/06/14-11:36:30.966716 7251f4ffbcc0 	kZSTDNotFinalCompression supported: 1
2025/06/14-11:36:30.966725 7251f4ffbcc0 	kZSTD supported: 1
2025/06/14-11:36:30.966726 7251f4ffbcc0 	kXpressCompression supported: 0
2025/06/14-11:36:30.966727 7251f4ffbcc0 	kLZ4HCCompression supported: 1
2025/06/14-11:36:30.966727 7251f4ffbcc0 	kLZ4Compression supported: 1
2025/06/14-11:36:30.966728 7251f4ffbcc0 	kBZip2Compression supported: 1
2025/06/14-11:36:30.966729 7251f4ffbcc0 	kZlibCompression supported: 1
2025/06/14-11:36:30.966730 7251f4ffbcc0 	kSnappyCompression supported: 1
2025/06/14-11:36:30.966734 7251f4ffbcc0 Fast CRC32 supported: Supported on x86
2025/06/14-11:36:31.112750 7251f4ffbcc0 [db/db_impl/db_impl_open.cc:283] Creating manifest 1 
2025/06/14-11:36:31.135957 7251f4ffbcc0 [db/version_set.cc:4758] Recovering from manifest file: /home/darshan/ic-projects/dkeeper/.dfx/state/replicated_state/node-100/ic_consensus_pool/consensus/MANIFEST-000001
2025/06/14-11:36:31.190920 7251f4ffbcc0 [db/column_family.cc:595] --------------- Options for column family [default]:
2025/06/14-11:36:31.190931 7251f4ffbcc0               Options.comparator: leveldb.BytewiseComparator
2025/06/14-11:36:31.190932 7251f4ffbcc0           Options.merge_operator: None
2025/06/14-11:36:31.190933 7251f4ffbcc0        Options.compaction_filter: None
2025/06/14-11:36:31.190934 7251f4ffbcc0        Options.compaction_filter_factory: None
2025/06/14-11:36:31.190935 7251f4ffbcc0  Options.sst_partitioner_factory: None
2025/06/14-11:36:31.190936 7251f4ffbcc0         Options.memtable_factory: SkipListFactory
2025/06/14-11:36:31.190937 7251f4ffbcc0            Options.table_factory: BlockBasedTable
2025/06/14-11:36:31.191001 7251f4ffbcc0            table_factory options:   flush_block_policy_factory: FlushBlockBySizePolicyFactory (0x59565a84c130)
  cache_index_and_filter_blocks: 0
  cache_index_and_filter_blocks_with_high_priority: 1
  pin_l0_filter_and_index_blocks_in_cache: 0
  pin_top_level_index_and_filter: 1
  index_type: 0
  data_block_index_type: 0
  index_shortening: 1
  data_block_hash_table_util_ratio: 0.750000
  hash_index_allow_collision: 1
  checksum: 1
  no_block_cache: 0
  block_cache: 0x59565a84c180
  block_cache_name: LRUCache
  block_cache_options:
    capacity : 8388608
    num_shard_bits : 4
    strict_capacity_limit : 0
    memory_allocator : None
    high_pri_pool_ratio: 0.000
  block_cache_compressed: (nil)
  persistent_cache: (nil)
  block_size: 4096
  block_size_deviation: 10
  block_restart_interval: 16
  index_block_restart_interval: 1
  metadata_block_size: 4096
  partition_filters: 0
  use_delta_encoding: 1
  filter_policy: nullptr
  whole_key_filtering: 1
  verify_compression: 0
  read_amp_bytes_per_bit: 0
  format_version: 4
  enable_index_compression: 1
  block_align: 0
2025/06/14-11:36:31.191021 7251f4ffbcc0        Options.write_buffer_size: 67108864
2025/06/14-11:36:31.191022 7251f4ffbcc0  Options.max_write_buffer_number: 2
2025/06/14-11:36:31.191023 7251f4ffbcc0          Options.compression: Snappy
2025/06/14-11:36:31.191024 7251f4ffbcc0                  Options.bottommost_compression: Disabled
2025/06/14-11:36:31.191025 7251f4ffbcc0       Options.prefix_extractor: nullptr
2025/06/14-11:36:31.191026 7251f4ffbcc0   Options.memtable_insert_with_hint_prefix_extractor: nullptr
2025/06/14-11:36:31.191027 7251f4ffbcc0             Options.num_levels: 7
2025/06/14-11:36:31.191027 7251f4ffbcc0        Options.min_write_buffer_number_to_merge: 1
2025/06/14-11:36:31.191028 7251f4ffbcc0     Options.max_write_buffer_number_to_maintain: 0
2025/06/14-11:36:31.191029 7251f4ffbcc0     Options.max_write_buffer_size_to_maintain: 0
2025/06/14-11:36:31.191029 7251f4ffbcc0            Options.bottommost_compression_opts.window_bits: -14
2025/06/14-11:36:31.191030 7251f4ffbcc0                  Options.bottommost_compression_opts.level: 32767
2025/06/14-11:36:31.191031 7251f4ffbcc0               Options.bottommost_compression_opts.strategy: 0
2025/06/14-11:36:31.191032 7251f4ffbcc0         Options.bottommost_compression_opts.max_dict_bytes: 0
2025/06/14-11:36:31.191032 7251f4ffbcc0         Options.bottommost_compression_opts.zstd_max_train_bytes: 0
2025/06/14-11:36:31.191080 7251f4ffbcc0         Options.bottommost_compression_opts.parallel_threads: 1
2025/06/14-11:36:31.191081 7251f4ffbcc0                  Options.bottommost_compression_opts.enabled: false
2025/06/14-11:36:31.191082 7251f4ffbcc0            Options.compression_opts.window_bits: -14
2025/06/14-11:36:31.191083 7251f4ffbcc0                  Options.compression_opts.level: 32767
2025/06/14-11:36:31.191084 7251f4ffbcc0               Options.compression_opts.strategy: 0
2025/06/14-11:36:31.191084 7251f4ffbcc0         Options.compression_opts.max_dict_bytes: 0
2025/06/14-11:36:31.191085 7251f4ffbcc0         Options.compression_opts.zstd_max_train_bytes: 0
2025/06/14-11:36:31.191085 7251f4ffbcc0         Options.compression_opts.parallel_threads: 1
2025/06/14-11:36:31.191086 7251f4ffbcc0                  Options.compression_opts.enabled: false
2025/06/14-11:36:31.191087 7251f4ffbcc0      Options.level0_file_num_compaction_trigger: 4
2025/06/14-11:36:31.191088 7251f4ffbcc0          Options.level0_slowdown_writes_trigger: 20
2025/06/14-11:36:31.191088 7251f4ffbcc0              Options.level0_stop_writes_trigger: 36
2025/06/14-11:36:31.191089 7251f4ffbcc0                   Options.target_file_size_base: 67108864
2025/06/14-11:36:31.191090 7251f4ffbcc0             Options.target_file_size_multiplier: 1
2025/06/14-11:36:31.191091 7251f4ffbcc0                Options.max_bytes_for_level_base: 268435456
2025/06/14-11:36:31.191091 7251f4ffbcc0 Options.level_compaction_dynamic_level_bytes: 0
2025/06/14-11:36:31.191092 7251f4ffbcc0          Options.max_bytes_for_level_multiplier: 10.000000
2025/06/14-11:36:31.191095 7251f4ffbcc0 Options.max_bytes_for_level_multiplier_addtl[0]: 1
2025/06/14-11:36:31.191095 7251f4ffbcc0 Options.max_bytes_for_level_multiplier_addtl[1]: 1
2025/06/14-11:36:31.191096 7251f4ffbcc0 Options.max_bytes_for_level_multiplier_addtl[2]: 1
2025/06/14-11:36:31.191097 7251f4ffbcc0 Options.max_bytes_for_level_multiplier_addtl[3]: 1
2025/06/14-11:36:31.191098 7251f4ffbcc0 Options.max_bytes_for_level_multiplier_addtl[4]: 1
2025/06/14-11:36:31.191099 7251f4ffbcc0 Options.max_bytes_for_level_multiplier_addtl[5]: 1
2025/06/14-11:36:31.191100 7251f4ffbcc0 Options.max_bytes_for_level_multiplier_addtl[6]: 1
2025/06/14-11:36:31.191100 7251f4ffbcc0       Options.max_sequential_skip_in_iterations: 8
2025/06/14-11:36:31.191101 7251f4ffbcc0                    Options.max_compaction_bytes: 1677721600
2025/06/14-11:36:31.191102 7251f4ffbcc0                        Options.arena_block_size: 8388608
2025/06/14-11:36:31.191103 7251f4ffbcc0   Options.soft_pending_compaction_bytes_limit: 68719476736
2025/06/14-11:36:31.191104 7251f4ffbcc0   Options.hard_pending_compaction_bytes_limit: 274877906944
2025/06/14-11:36:31.191105 7251f4ffbcc0       Options.rate_limit_delay_max_milliseconds: 100
2025/06/14-11:36:31.191106 7251f4ffbcc0                Options.disable_auto_compactions: 0
2025/06/14-11:36:31.191108 7251f4ffbcc0                        Options.compaction_style: kCompactionStyleLevel
2025/06/14-11:36:31.191109 7251f4ffbcc0                          Options.compaction_pri: kMinOverlappingRatio
2025/06/14-11:36:31.191110 7251f4ffbcc0 Options.compaction_options_universal.size_ratio: 1
2025/06/14-11:36:31.191111 7251f4ffbcc0 Options.compaction_options_universal.min_merge_width: 2
2025/06/14-11:36:31.191111 7251f4ffbcc0 Options.compaction_options_universal.max_merge_width: 4294967295
2025/06/14-11:36:31.191112 7251f4ffbcc0 Options.compaction_options_universal.max_size_amplification_percent: 200
2025/06/14-11:36:31.191113 7251f4ffbcc0 Options.compaction_options_universal.compression_size_percent: -1
2025/06/14-11:36:31.191114 7251f4ffbcc0 Options.compaction_options_universal.stop_style: kCompactionStopStyleTotalSize
2025/06/14-11:36:31.191115 7251f4ffbcc0 Options.compaction_options_fifo.max_table_files_size: 1073741824
2025/06/14-11:36:31.191116 7251f4ffbcc0 Options.compaction_options_fifo.allow_compaction: 0
2025/06/14-11:36:31.191121 7251f4ffbcc0                   Options.table_properties_collectors: 
2025/06/14-11:36:31.191126 7251f4ffbcc0                   Options.inplace_update_support: 0
2025/06/14-11:36:31.191127 7251f4ffbcc0                 Options.inplace_update_num_locks: 10000
2025/06/14-11:36:31.191128 7251f4ffbcc0               Options.memtable_prefix_bloom_size_ratio: 0.000000
2025/06/14-11:36:31.191129 7251f4ffbcc0               Options.memtable_whole_key_filtering: 0
2025/06/14-11:36:31.191130 7251f4ffbcc0   Options.memtable_huge_page_size: 0
2025/06/14-11:36:31.191131 7251f4ffbcc0                           Options.bloom_locality: 0
2025/06/14-11:36:31.191132 7251f4ffbcc0                    Options.max_successive_merges: 0
2025/06/14-11:36:31.191133 7251f4ffbcc0                Options.optimize_filters_for_hits: 0
2025/06/14-11:36:31.191133 7251f4ffbcc0                Options.paranoid_file_checks: 0
2025/06/14-11:36:31.191134 7251f4ffbcc0                Options.force_consistency_checks: 1
2025/06/14-11:36:31.191135 7251f4ffbcc0                Options.report_bg_io_stats: 0
2025/06/14-11:36:31.191136 7251f4ffbcc0                               Options.ttl: 2592000
2025/06/14-11:36:31.191137 7251f4ffbcc0          Options.periodic_compaction_seconds: 0
2025/06/14-11:36:31.191138 7251f4ffbcc0                    Options.enable_blob_files: false
2025/06/14-11:36:31.191139 7251f4ffbcc0                        Options.min_blob_size: 0
2025/06/14-11:36:31.191139 7251f4ffbcc0                       Options.blob_file_size: 268435456
2025/06/14-11:36:31.191140 7251f4ffbcc0                Options.blob_compression_type: NoCompression
2025/06/14-11:36:31.191141 7251f4ffbcc0       Options.enable_blob_garbage_collection: false
2025/06/14-11:36:31.191142 7251f4ffbcc0   Options.blob_garbage_collection_age_cutoff: 0.250000
2025/06/14-11:36:31.192287 7251f4ffbcc0 [db/version_set.cc:4798] Recovered from manifest file:/home/darshan/ic-projects/dkeeper/.dfx/state/replicated_state/node-100/ic_consensus_pool/consensus/MANIFEST-000001 succeeded,manifest_file_number is 1, next_file_number is 3, last_sequence is 0, log_number is 0,prev_log_number is 0,max_column_family is 0,min_log_number_to_keep is 0
2025/06/14-11:36:31.192293 7251f4ffbcc0 [db/version_set.cc:4813] Column family [default] (ID 0), log number is 0
2025/06/14-11:36:31.192383 7251f4ffbcc0 [db/version_set.cc:4112] Creating manifest 3
2025/06/14-11:36:31.204179 7251f4ffbcc0 [db/column_family.cc:595] --------------- Options for column family [RB]:
2025/06/14-11:36:31.204191 7251f4ffbcc0               Options.comparator: leveldb.BytewiseComparator
2025/06/14-11:36:31.204192 7251f4ffbcc0           Options.merge_operator: None
2025/06/14-11:36:31.204195 7251f4ffbcc0        Options.compaction_filter: filter_outdated
2025/06/14-11:36:31.204195 7251f4ffbcc0        Options.compaction_filter_factory: None
2025/06/14-11:36:31.204196 7251f4ffbcc0  Options.sst_partitioner_factory: None
2025/06/14-11:36:31.204197 7251f4ffbcc0         Options.memtable_factory: SkipListFactory
2025/06/14-11:36:31.204198 7251f4ffbcc0            Options.table_factory: BlockBasedTable
2025/06/14-11:36:31.204222 7251f4ffbcc0            table_factory options:   flush_block_policy_factory: FlushBlockBySizePolicyFactory (0x59565a832630)
  cache_index_and_filter_blocks: 0
  cache_index_and_filter_blocks_with_high_priority: 1
  pin_l0_filter_and_index_blocks_in_cache: 0
  pin_top_level_index_and_filter: 1
  index_type: 0
  data_block_index_type: 0
  index_shortening: 1
  data_block_hash_table_util_ratio: 0.750000
  hash_index_allow_collision: 1
  checksum: 1
  no_block_cache: 0
  block_cache: 0x59565a832680
  block_cache_name: LRUCache
  block_cache_options:
    capacity : 8388608
    num_shard_bits : 4
    strict_capacity_limit : 0
    memory_allocator : None
    high_pri_pool_ratio: 0.000
  block_cache_compressed: (nil)
  persistent_cache: (nil)
  block_size: 4096
  block_size_deviation: 10
  block_restart_interval: 16
  index_block_restart_interval: 1
  metadata_block_size: 4096
  partition_filters: 0
  use_delta_encoding: 1
  filter_policy: nullptr
  whole_key_filtering: 1
  verify_compression: 0
  read_amp_bytes_per_bit: 0
  format_version: 4
  enable_index_compression: 1
  block_align: 0
2025/06/14-11:36:31.204225 7251f4ffbcc0        Options.write_buffer_size: 67108864
2025/06/14-11:36:31.204226 7251f4ffbcc0  Options.max_write_buffer_number: 2
2025/06/14-11:36:31.204227 7251f4ffbcc0          Options.compression: NoCompression
2025/06/14-11:36:31.204228 7251f4ffbcc0                  Options.bottommost_compression: Disabled
2025/06/14-11:36:31.204229 7251f4ffbcc0       Options.prefix_extractor: nullptr
2025/06/14-11:36:31.204229 7251f4ffbcc0   Options.memtable_insert_with_hint_prefix_extractor: nullptr
2025/06/14-11:36:31.204230 7251f4ffbcc0             Options.num_levels: 7
2025/06/14-11:36:31.204231 7251f4ffbcc0        Options.min_write_buffer_number_to_merge: 1
2025/06/14-11:36:31.204231 7251f4ffbcc0     Options.max_write_buffer_number_to_maintain: 0
2025/06/14-11:36:31.204232 7251f4ffbcc0     Options.max_write_buffer_size_to_maintain: 0
2025/06/14-11:36:31.204233 7251f4ffbcc0            Options.bottommost_compression_opts.window_bits: -14
2025/06/14-11:36:31.204234 7251f4ffbcc0                  Options.bottommost_compression_opts.level: 32767
2025/06/14-11:36:31.204235 7251f4ffbcc0               Options.bottommost_compression_opts.strategy: 0
2025/06/14-11:36:31.204236 7251f4ffbcc0         Options.bottommost_compression_opts.max_dict_bytes: 0
2025/06/14-11:36:31.204236 7251f4ffbcc0         Options.bottommost_compression_opts.zstd_max_train_bytes: 0
2025/06/14-11:36:31.204237 7251f4ffbcc0         Options.bottommost_compression_opts.parallel_threads: 1
2025/06/14-11:36:31.204238 7251f4ffbcc0                  Options.bottommost_compression_opts.enabled: false
2025/06/14-11:36:31.204239 7251f4ffbcc0            Options.compression_opts.window_bits: -14
2025/06/14-11:36:31.204240 7251f4ffbcc0                  Options.compression_opts.level: 32767
2025/06/14-11:36:31.204241 7251f4ffbcc0               Options.compression_opts.strategy: 0
2025/06/14-11:36:31.204242 7251f4ffbcc0         Options.compression_opts.max_dict_bytes: 0
2025/06/14-11:36:31.204243 7251f4ffbcc0         Options.compression_opts.zstd_max_train_bytes: 0
2025/06/14-11:36:31.204243 7251f4ffbcc0         Options.compression_opts.parallel_threads: 1
2025/06/14-11:36:31.204244 7251f4ffbcc0                  Options.compression_opts.enabled: false
2025/06/14-11:36:31.204279 7251f4ffbcc0      Options.level0_file_num_compaction_trigger: 4
2025/06/14-11:36:31.204280 7251f4ffbcc0          Options.level0_slowdown_writes_trigger: 20
2025/06/14-11:36:31.204280 7251f4ffbcc0              Options.level0_stop_writes_trigger: 36
2025/06/14-11:36:31.204281 7251f4ffbcc0                   Options.target_file_size_base: 67108864
2025/06/14-11:36:31.204282 7251f4ffbcc0             Options.target_file_size_multiplier: 1
2025/06/14-11:36:31.204282 7251f4ffbcc0                Options.max_bytes_for_level_base: 268435456
2025/06/14-11:36:31.204283 7251f4ffbcc0 Options.level_compaction_dynamic_level_bytes: 0
2025/06/14-11:36:31.204284 7251f4ffbcc0          Options.max_bytes_for_level_multiplier: 10.000000
2025/06/14-11:36:31.204286 7251f4ffbcc0 Options.max_bytes_for_level_multiplier_addtl[0]: 1
2025/06/14-11:36:31.204287 7251f4ffbcc0 Options.max_bytes_for_level_multiplier_addtl[1]: 1
2025/06/14-11:36:31.204288 7251f4ffbcc0 Options.max_bytes_for_level_multiplier_addtl[2]: 1
2025/06/14-11:36:31.204288 7251f4ffbcc0 Options.max_bytes_for_level_multiplier_addtl[3]: 1
2025/06/14-11:36:31.204289 7251f4ffbcc0 Options.max_bytes_for_level_multiplier_addtl[4]: 1
2025/06/14-11:36:31.204290 7251f4ffbcc0 Options.max_bytes_for_level_multiplier_addtl[5]: 1
2025/06/14-11:36:31.204290 7251f4ffbcc0 Options.max_bytes_for_level_multiplier_addtl[6]: 1
2025/06/14-11:36:31.204291 7251f4ffbcc0       Options.max_sequential_skip_in_iterations: 8
2025/06/14-11:36:31.204292 7251f4ffbcc0                    Options.max_compaction_bytes: 1677721600
2025/06/14-11:36:31.204292 7251f4ffbcc0                        Options.arena_block_size: 8388608
2025/06/14-11:36:31.204293 7251f4ffbcc0   Options.soft_pending_compaction_bytes_limit: 68719476736
2025/06/14-11:36:31.204294 7251f4ffbcc0   Options.hard_pending_compaction_bytes_limit: 274877906944
2025/06/14-11:36:31.204294 7251f4ffbcc0       Options.rate_limit_delay_max_milliseconds: 100
2025/06/14-11:36:31.204295 7251f4ffbcc0                Options.disable_auto_compactions: 1
2025/06/14-11:36:31.204297 7251f4ffbcc0                        Options.compaction_style: kCompactionStyleLevel
2025/06/14-11:36:31.204298 7251f4ffbcc0                          Options.compaction_pri: kMinOverlappingRatio
2025/06/14-11:36:31.204299 7251f4ffbcc0 Options.compaction_options_universal.size_ratio: 1
2025/06/14-11:36:31.204300 7251f4ffbcc0 Options.compaction_options_universal.min_merge_width: 2
2025/06/14-11:36:31.204300 7251f4ffbcc0 Options.compaction_options_universal.max_merge_width: 4294967295
2025/06/14-11:36:31.204301 7251f4ffbcc0 Options.compaction_options_universal.max_size_amplification_percent: 200
2025/06/14-11:36:31.204302 7251f4ffbcc0 Options.compaction_options_universal.compression_size_percent: -1
2025/06/14-11:36:31.204303 7251f4ffbcc0 Options.compaction_options_universal.stop_style: kCompactionStopStyleTotalSize
2025/06/14-11:36:31.204303 7251f4ffbcc0 Options.compaction_options_fifo.max_table_files_size: 1073741824
2025/06/14-11:36:31.204304 7251f4ffbcc0 Options.compaction_options_fifo.allow_compaction: 0
2025/06/14-11:36:31.204308 7251f4ffbcc0                   Options.table_properties_collectors: 
2025/06/14-11:36:31.204309 7251f4ffbcc0                   Options.inplace_update_support: 0
2025/06/14-11:36:31.204310 7251f4ffbcc0                 Options.inplace_update_num_locks: 10000
2025/06/14-11:36:31.204310 7251f4ffbcc0               Options.memtable_prefix_bloom_size_ratio: 0.000000
2025/06/14-11:36:31.204311 7251f4ffbcc0               Options.memtable_whole_key_filtering: 0
2025/06/14-11:36:31.204312 7251f4ffbcc0   Options.memtable_huge_page_size: 0
2025/06/14-11:36:31.204313 7251f4ffbcc0                           Options.bloom_locality: 0
2025/06/14-11:36:31.204313 7251f4ffbcc0                    Options.max_successive_merges: 0
2025/06/14-11:36:31.204314 7251f4ffbcc0                Options.optimize_filters_for_hits: 0
2025/06/14-11:36:31.204315 7251f4ffbcc0                Options.paranoid_file_checks: 0
2025/06/14-11:36:31.204315 7251f4ffbcc0                Options.force_consistency_checks: 1
2025/06/14-11:36:31.204320 7251f4ffbcc0                Options.report_bg_io_stats: 0
2025/06/14-11:36:31.204321 7251f4ffbcc0                               Options.ttl: 2592000
2025/06/14-11:36:31.204321 7251f4ffbcc0          Options.periodic_compaction_seconds: 2592000
2025/06/14-11:36:31.204322 7251f4ffbcc0                    Options.enable_blob_files: false
2025/06/14-11:36:31.204323 7251f4ffbcc0                        Options.min_blob_size: 0
2025/06/14-11:36:31.204324 7251f4ffbcc0                       Options.blob_file_size: 268435456
2025/06/14-11:36:31.204325 7251f4ffbcc0                Options.blob_compression_type: NoCompression
2025/06/14-11:36:31.204326 7251f4ffbcc0       Options.enable_blob_garbage_collection: false
2025/06/14-11:36:31.204326 7251f4ffbcc0   Options.blob_garbage_collection_age_cutoff: 0.250000
2025/06/14-11:36:31.204424 7251f4ffbcc0 [db/db_impl/db_impl.cc:2654] Created column family [RB] (ID 1)
2025/06/14-11:36:31.209220 7251f4ffbcc0 [db/column_family.cc:595] --------------- Options for column family [FZ]:
2025/06/14-11:36:31.209224 7251f4ffbcc0               Options.comparator: leveldb.BytewiseComparator
2025/06/14-11:36:31.209225 7251f4ffbcc0           Options.merge_operator: None
2025/06/14-11:36:31.209227 7251f4ffbcc0        Options.compaction_filter: filter_outdated
2025/06/14-11:36:31.209227 7251f4ffbcc0        Options.compaction_filter_factory: None
2025/06/14-11:36:31.209228 7251f4ffbcc0  Options.sst_partitioner_factory: None
2025/06/14-11:36:31.209228 7251f4ffbcc0         Options.memtable_factory: SkipListFactory
2025/06/14-11:36:31.209228 7251f4ffbcc0            Options.table_factory: BlockBasedTable
2025/06/14-11:36:31.209244 7251f4ffbcc0            table_factory options:   flush_block_policy_factory: FlushBlockBySizePolicyFactory (0x59565a834870)
  cache_index_and_filter_blocks: 0
  cache_index_and_filter_blocks_with_high_priority: 1
  pin_l0_filter_and_index_blocks_in_cache: 0
  pin_top_level_index_and_filter: 1
  index_type: 0
  data_block_index_type: 0
  index_shortening: 1
  data_block_hash_table_util_ratio: 0.750000
  hash_index_allow_collision: 1
  checksum: 1
  no_block_cache: 0
  block_cache: 0x59565a8348c0
  block_cache_name: LRUCache
  block_cache_options:
    capacity : 8388608
    num_shard_bits : 4
    strict_capacity_limit : 0
    memory_allocator : None
    high_pri_pool_ratio: 0.000
  block_cache_compressed: (nil)
  persistent_cache: (nil)
  block_size: 4096
  block_size_deviation: 10
  block_restart_interval: 16
  index_block_restart_interval: 1
  metadata_block_size: 4096
  partition_filters: 0
  use_delta_encoding: 1
  filter_policy: nullptr
  whole_key_filtering: 1
  verify_compression: 0
  read_amp_bytes_per_bit: 0
  format_version: 4
  enable_index_compression: 1
  block_align: 0
2025/06/14-11:36:31.209245 7251f4ffbcc0        Options.write_buffer_size: 67108864
2025/06/14-11:36:31.209245 7251f4ffbcc0  Options.max_write_buffer_number: 2
2025/06/14-11:36:31.209246 7251f4ffbcc0          Options.compression: NoCompression
2025/06/14-11:36:31.209246 7251f4ffbcc0                  Options.bottommost_compression: Disabled
2025/06/14-11:36:31.209246 7251f4ffbcc0       Options.prefix_extractor: nullptr
2025/06/14-11:36:31.209247 7251f4ffbcc0   Options.memtable_insert_with_hint_prefix_extractor: nullptr
2025/06/14-11:36:31.209247 7251f4ffbcc0             Options.num_levels: 7
2025/06/14-11:36:31.209248 7251f4ffbcc0        Options.min_write_buffer_number_to_merge: 1
2025/06/14-11:36:31.209248 7251f4ffbcc0     Options.max_write_buffer_number_to_maintain: 0
2025/06/14-11:36:31.209248 7251f4ffbcc0     Options.max_write_buffer_size_to_maintain: 0
2025/06/14-11:36:31.209249 7251f4ffbcc0            Options.bottommost_compression_opts.window_bits: -14
2025/06/14-11:36:31.209249 7251f4ffbcc0                  Options.bottommost_compression_opts.level: 32767
2025/06/14-11:36:31.209250 7251f4ffbcc0               Options.bottommost_compression_opts.strategy: 0
2025/06/14-11:36:31.209250 7251f4ffbcc0         Options.bottommost_compression_opts.max_dict_bytes: 0
2025/06/14-11:36:31.209250 7251f4ffbcc0         Options.bottommost_compression_opts.zstd_max_train_bytes: 0
2025/06/14-11:36:31.209251 7251f4ffbcc0         Options.bottommost_compression_opts.parallel_threads: 1
2025/06/14-11:36:31.209251 7251f4ffbcc0                  Options.bottommost_compression_opts.enabled: false
2025/06/14-11:36:31.209252 7251f4ffbcc0            Options.compression_opts.window_bits: -14
2025/06/14-11:36:31.209252 7251f4ffbcc0                  Options.compression_opts.level: 32767
2025/06/14-11:36:31.209252 7251f4ffbcc0               Options.compression_opts.strategy: 0
2025/06/14-11:36:31.209253 7251f4ffbcc0         Options.compression_opts.max_dict_bytes: 0
2025/06/14-11:36:31.209253 7251f4ffbcc0         Options.compression_opts.zstd_max_train_bytes: 0
2025/06/14-11:36:31.209253 7251f4ffbcc0         Options.compression_opts.parallel_threads: 1
2025/06/14-11:36:31.209254 7251f4ffbcc0                  Options.compression_opts.enabled: false
2025/06/14-11:36:31.209260 7251f4ffbcc0      Options.level0_file_num_compaction_trigger: 4
2025/06/14-11:36:31.209260 7251f4ffbcc0          Options.level0_slowdown_writes_trigger: 20
2025/06/14-11:36:31.209261 7251f4ffbcc0              Options.level0_stop_writes_trigger: 36
2025/06/14-11:36:31.209261 7251f4ffbcc0                   Options.target_file_size_base: 67108864
2025/06/14-11:36:31.209262 7251f4ffbcc0             Options.target_file_size_multiplier: 1
2025/06/14-11:36:31.209262 7251f4ffbcc0                Options.max_bytes_for_level_base: 268435456
2025/06/14-11:36:31.209262 7251f4ffbcc0 Options.level_compaction_dynamic_level_bytes: 0
2025/06/14-11:36:31.209263 7251f4ffbcc0          Options.max_bytes_for_level_multiplier: 10.000000
2025/06/14-11:36:31.209264 7251f4ffbcc0 Options.max_bytes_for_level_multiplier_addtl[0]: 1
2025/06/14-11:36:31.209264 7251f4ffbcc0 Options.max_bytes_for_level_multiplier_addtl[1]: 1
2025/06/14-11:36:31.209265 7251f4ffbcc0 Options.max_bytes_for_level_multiplier_addtl[2]: 1
2025/06/14-11:36:31.209265 7251f4ffbcc0 Options.max_bytes_for_level_multiplier_addtl[3]: 1
2025/06/14-11:36:31.209265 7251f4ffbcc0 Options.max_bytes_for_level_multiplier_addtl[4]: 1
2025/06/14-11:36:31.209266 7251f4ffbcc0 Options.max_bytes_for_level_multiplier_addtl[5]: 1
2025/06/14-11:36:31.209266 7251f4ffbcc0 Options.max_bytes_for_level_multiplier_addtl[6]: 1
2025/06/14-11:36:31.209267 7251f4ffbcc0       Options.max_sequential_skip_in_iterations: 8
2025/06/14-11:36:31.209267 7251f4ffbcc0                    Options.max_compaction_bytes: 1677721600
2025/06/14-11:36:31.209267 7251f4ffbcc0                        Options.arena_block_size: 8388608
2025/06/14-11:36:31.209268 7251f4ffbcc0   Options.soft_pending_compaction_bytes_limit: 68719476736
2025/06/14-11:36:31.209268 7251f4ffbcc0   Options.hard_pending_compaction_bytes_limit: 274877906944
2025/06/14-11:36:31.209268 7251f4ffbcc0       Options.rate_limit_delay_max_milliseconds: 100
2025/06/14-11:36:31.209269 7251f4ffbcc0                Options.disable_auto_compactions: 1
2025/06/14-11:36:31.209270 7251f4ffbcc0                        Options.compaction_style: kCompactionStyleLevel
2025/06/14-11:36:31.209271 7251f4ffbcc0                          Options.compaction_pri: kMinOverlappingRatio
2025/06/14-11:36:31.209271 7251f4ffbcc0 Options.compaction_options_universal.size_ratio: 1
2025/06/14-11:36:31.209271 7251f4ffbcc0 Options.compaction_options_universal.min_merge_width: 2
2025/06/14-11:36:31.209272 7251f4ffbcc0 Options.compaction_options_universal.max_merge_width: 4294967295
2025/06/14-11:36:31.209272 7251f4ffbcc0 Options.compaction_options_universal.max_size_amplification_percent: 200
2025/06/14-11:36:31.209273 7251f4ffbcc0 Options.compaction_options_universal.compression_size_percent: -1
2025/06/14-11:36:31.209273 7251f4ffbcc0 Options.compaction_options_universal.stop_style: kCompactionStopStyleTotalSize
2025/06/14-11:36:31.209273 7251f4ffbcc0 Options.compaction_options_fifo.max_table_files_size: 1073741824
2025/06/14-11:36:31.209274 7251f4ffbcc0 Options.compaction_options_fifo.allow_compaction: 0
2025/06/14-11:36:31.209276 7251f4ffbcc0                   Options.table_properties_collectors: 
2025/06/14-11:36:31.209276 7251f4ffbcc0                   Options.inplace_update_support: 0
2025/06/14-11:36:31.209277 7251f4ffbcc0                 Options.inplace_update_num_locks: 10000
2025/06/14-11:36:31.209277 7251f4ffbcc0               Options.memtable_prefix_bloom_size_ratio: 0.000000
2025/06/14-11:36:31.209278 7251f4ffbcc0               Options.memtable_whole_key_filtering: 0
2025/06/14-11:36:31.209278 7251f4ffbcc0   Options.memtable_huge_page_size: 0
2025/06/14-11:36:31.209278 7251f4ffbcc0                           Options.bloom_locality: 0
2025/06/14-11:36:31.209279 7251f4ffbcc0                    Options.max_successive_merges: 0
2025/06/14-11:36:31.209279 7251f4ffbcc0                Options.optimize_filters_for_hits: 0
2025/06/14-11:36:31.209280 7251f4ffbcc0                Options.paranoid_file_checks: 0
2025/06/14-11:36:31.209280 7251f4ffbcc0                Options.force_consistency_checks: 1
2025/06/14-11:36:31.209283 7251f4ffbcc0                Options.report_bg_io_stats: 0
2025/06/14-11:36:31.209283 7251f4ffbcc0                               Options.ttl: 2592000
2025/06/14-11:36:31.209283 7251f4ffbcc0          Options.periodic_compaction_seconds: 2592000
2025/06/14-11:36:31.209284 7251f4ffbcc0                    Options.enable_blob_files: false
2025/06/14-11:36:31.209284 7251f4ffbcc0                        Options.min_blob_size: 0
2025/06/14-11:36:31.209284 7251f4ffbcc0                       Options.blob_file_size: 268435456
2025/06/14-11:36:31.209285 7251f4ffbcc0                Options.blob_compression_type: NoCompression
2025/06/14-11:36:31.209285 7251f4ffbcc0       Options.enable_blob_garbage_collection: false
2025/06/14-11:36:31.209286 7251f4ffbcc0   Options.blob_garbage_collection_age_cutoff: 0.250000
2025/06/14-11:36:31.209351 7251f4ffbcc0 [db/db_impl/db_impl.cc:2654] Created column family [FZ] (ID 2)
2025/06/14-11:36:31.214187 7251f4ffbcc0 [db/column_family.cc:595] --------------- Options for column family [NZ]:
2025/06/14-11:36:31.214194 7251f4ffbcc0               Options.comparator: leveldb.BytewiseComparator
2025/06/14-11:36:31.214195 7251f4ffbcc0           Options.merge_operator: None
2025/06/14-11:36:31.214196 7251f4ffbcc0        Options.compaction_filter: filter_outdated
2025/06/14-11:36:31.214197 7251f4ffbcc0        Options.compaction_filter_factory: None
2025/06/14-11:36:31.214197 7251f4ffbcc0  Options.sst_partitioner_factory: None
2025/06/14-11:36:31.214198 7251f4ffbcc0         Options.memtable_factory: SkipListFactory
2025/06/14-11:36:31.214199 7251f4ffbcc0            Options.table_factory: BlockBasedTable
2025/06/14-11:36:31.214212 7251f4ffbcc0            table_factory options:   flush_block_policy_factory: FlushBlockBySizePolicyFactory (0x59565a836ab0)
  cache_index_and_filter_blocks: 0
  cache_index_and_filter_blocks_with_high_priority: 1
  pin_l0_filter_and_index_blocks_in_cache: 0
  pin_top_level_index_and_filter: 1
  index_type: 0
  data_block_index_type: 0
  index_shortening: 1
  data_block_hash_table_util_ratio: 0.750000
  hash_index_allow_collision: 1
  checksum: 1
  no_block_cache: 0
  block_cache: 0x59565a836b00
  block_cache_name: LRUCache
  block_cache_options:
    capacity : 8388608
    num_shard_bits : 4
    strict_capacity_limit : 0
    memory_allocator : None
    high_pri_pool_ratio: 0.000
  block_cache_compressed: (nil)
  persistent_cache: (nil)
  block_size: 4096
  block_size_deviation: 10
  block_restart_interval: 16
  index_block_restart_interval: 1
  metadata_block_size: 4096
  partition_filters: 0
  use_delta_encoding: 1
  filter_policy: nullptr
  whole_key_filtering: 1
  verify_compression: 0
  read_amp_bytes_per_bit: 0
  format_version: 4
  enable_index_compression: 1
  block_align: 0
2025/06/14-11:36:31.214213 7251f4ffbcc0        Options.write_buffer_size: 67108864
2025/06/14-11:36:31.214214 7251f4ffbcc0  Options.max_write_buffer_number: 2
2025/06/14-11:36:31.214214 7251f4ffbcc0          Options.compression: NoCompression
2025/06/14-11:36:31.214215 7251f4ffbcc0                  Options.bottommost_compression: Disabled
2025/06/14-11:36:31.214216 7251f4ffbcc0       Options.prefix_extractor: nullptr
2025/06/14-11:36:31.214216 7251f4ffbcc0   Options.memtable_insert_with_hint_prefix_extractor: nullptr
2025/06/14-11:36:31.214217 7251f4ffbcc0             Options.num_levels: 7
2025/06/14-11:36:31.214218 7251f4ffbcc0        Options.min_write_buffer_number_to_merge: 1
2025/06/14-11:36:31.214218 7251f4ffbcc0     Options.max_write_buffer_number_to_maintain: 0
2025/06/14-11:36:31.214219 7251f4ffbcc0     Options.max_write_buffer_size_to_maintain: 0
2025/06/14-11:36:31.214220 7251f4ffbcc0            Options.bottommost_compression_opts.window_bits: -14
