2025/06/15-14:10:56.310742 7870c1c98cc0 RocksDB version: 6.17.0
2025/06/15-14:10:56.311049 7870c1c98cc0 Git sha 0
2025/06/15-14:10:56.311215 7870c1c98cc0 DB SUMMARY
2025/06/15-14:10:56.311218 7870c1c98cc0 DB Session ID:  55CI61NGDLU90JGXA2QJ
2025/06/15-14:10:56.311321 7870c1c98cc0 CURRENT file:  CURRENT
2025/06/15-14:10:56.311322 7870c1c98cc0 IDENTITY file:  IDENTITY
2025/06/15-14:10:56.311325 7870c1c98cc0 MANIFEST file:  MANIFEST-000003 size: 3987 Bytes
2025/06/15-14:10:56.311326 7870c1c98cc0 SST files in /home/darshan/ic-projects/dkeeper/.dfx/state/replicated_state/node-100/ic_consensus_pool/consensus dir, Total Num: 11, files: 000033.sst 000035.sst 000037.sst 000039.sst 000041.sst 000043.sst 000045.sst 000047.sst 000049.sst 
2025/06/15-14:10:56.311328 7870c1c98cc0 Write Ahead Log file in /home/darshan/ic-projects/dkeeper/.dfx/state/replicated_state/node-100/ic_consensus_pool/consensus: 000004.log size: 343233 ; 000031.log size: 18182456 ; 
2025/06/15-14:10:56.311329 7870c1c98cc0                         Options.error_if_exists: 0
2025/06/15-14:10:56.311330 7870c1c98cc0                       Options.create_if_missing: 1
2025/06/15-14:10:56.311331 7870c1c98cc0                         Options.paranoid_checks: 1
2025/06/15-14:10:56.311332 7870c1c98cc0                               Options.track_and_verify_wals_in_manifest: 0
2025/06/15-14:10:56.311332 7870c1c98cc0                                     Options.env: 0x559929465380
2025/06/15-14:10:56.311333 7870c1c98cc0                                      Options.fs: Posix File System
2025/06/15-14:10:56.311334 7870c1c98cc0                                Options.info_log: 0x5599857b94a0
2025/06/15-14:10:56.311335 7870c1c98cc0                Options.max_file_opening_threads: 16
2025/06/15-14:10:56.311336 7870c1c98cc0                              Options.statistics: (nil)
2025/06/15-14:10:56.311337 7870c1c98cc0                               Options.use_fsync: 1
2025/06/15-14:10:56.311337 7870c1c98cc0                       Options.max_log_file_size: 0
2025/06/15-14:10:56.311338 7870c1c98cc0                  Options.max_manifest_file_size: 1073741824
2025/06/15-14:10:56.311339 7870c1c98cc0                   Options.log_file_time_to_roll: 0
2025/06/15-14:10:56.311340 7870c1c98cc0                       Options.keep_log_file_num: 1000
2025/06/15-14:10:56.311341 7870c1c98cc0                    Options.recycle_log_file_num: 0
2025/06/15-14:10:56.311342 7870c1c98cc0                         Options.allow_fallocate: 1
2025/06/15-14:10:56.311343 7870c1c98cc0                        Options.allow_mmap_reads: 0
2025/06/15-14:10:56.311343 7870c1c98cc0                       Options.allow_mmap_writes: 0
2025/06/15-14:10:56.311344 7870c1c98cc0                        Options.use_direct_reads: 0
2025/06/15-14:10:56.311345 7870c1c98cc0                        Options.use_direct_io_for_flush_and_compaction: 0
2025/06/15-14:10:56.311346 7870c1c98cc0          Options.create_missing_column_families: 1
2025/06/15-14:10:56.311346 7870c1c98cc0                              Options.db_log_dir: 
2025/06/15-14:10:56.311347 7870c1c98cc0                                 Options.wal_dir: /home/darshan/ic-projects/dkeeper/.dfx/state/replicated_state/node-100/ic_consensus_pool/consensus
2025/06/15-14:10:56.311347 7870c1c98cc0                Options.table_cache_numshardbits: 6
2025/06/15-14:10:56.311347 7870c1c98cc0                         Options.WAL_ttl_seconds: 0
2025/06/15-14:10:56.311348 7870c1c98cc0                       Options.WAL_size_limit_MB: 0
2025/06/15-14:10:56.311348 7870c1c98cc0                        Options.max_write_batch_group_size_bytes: 1048576
2025/06/15-14:10:56.311348 7870c1c98cc0             Options.manifest_preallocation_size: 4194304
2025/06/15-14:10:56.311349 7870c1c98cc0                     Options.is_fd_close_on_exec: 1
2025/06/15-14:10:56.311349 7870c1c98cc0                   Options.advise_random_on_open: 1
2025/06/15-14:10:56.311350 7870c1c98cc0                    Options.db_write_buffer_size: 0
2025/06/15-14:10:56.311350 7870c1c98cc0                    Options.write_buffer_manager: 0x5599857b91a0
2025/06/15-14:10:56.311350 7870c1c98cc0         Options.access_hint_on_compaction_start: 1
2025/06/15-14:10:56.311443 7870c1c98cc0  Options.new_table_reader_for_compaction_inputs: 0
2025/06/15-14:10:56.311446 7870c1c98cc0           Options.random_access_max_buffer_size: 1048576
2025/06/15-14:10:56.311447 7870c1c98cc0                      Options.use_adaptive_mutex: 0
2025/06/15-14:10:56.311448 7870c1c98cc0                            Options.rate_limiter: (nil)
2025/06/15-14:10:56.311450 7870c1c98cc0     Options.sst_file_manager.rate_bytes_per_sec: 0
2025/06/15-14:10:56.311451 7870c1c98cc0                       Options.wal_recovery_mode: 2
2025/06/15-14:10:56.311451 7870c1c98cc0                  Options.enable_thread_tracking: 0
2025/06/15-14:10:56.311452 7870c1c98cc0                  Options.enable_pipelined_write: 0
2025/06/15-14:10:56.311453 7870c1c98cc0                  Options.unordered_write: 0
2025/06/15-14:10:56.311454 7870c1c98cc0         Options.allow_concurrent_memtable_write: 1
2025/06/15-14:10:56.311455 7870c1c98cc0      Options.enable_write_thread_adaptive_yield: 1
2025/06/15-14:10:56.311497 7870c1c98cc0             Options.write_thread_max_yield_usec: 100
2025/06/15-14:10:56.311498 7870c1c98cc0            Options.write_thread_slow_yield_usec: 3
2025/06/15-14:10:56.311499 7870c1c98cc0                               Options.row_cache: None
2025/06/15-14:10:56.311500 7870c1c98cc0                              Options.wal_filter: None
2025/06/15-14:10:56.311501 7870c1c98cc0             Options.avoid_flush_during_recovery: 0
2025/06/15-14:10:56.311502 7870c1c98cc0             Options.allow_ingest_behind: 0
2025/06/15-14:10:56.311503 7870c1c98cc0             Options.preserve_deletes: 0
2025/06/15-14:10:56.311504 7870c1c98cc0             Options.two_write_queues: 0
2025/06/15-14:10:56.311504 7870c1c98cc0             Options.manual_wal_flush: 0
2025/06/15-14:10:56.311505 7870c1c98cc0             Options.atomic_flush: 0
2025/06/15-14:10:56.311506 7870c1c98cc0             Options.avoid_unnecessary_blocking_io: 0
2025/06/15-14:10:56.311507 7870c1c98cc0                 Options.persist_stats_to_disk: 0
2025/06/15-14:10:56.311507 7870c1c98cc0                 Options.write_dbid_to_manifest: 0
2025/06/15-14:10:56.311508 7870c1c98cc0                 Options.log_readahead_size: 0
2025/06/15-14:10:56.311509 7870c1c98cc0                 Options.file_checksum_gen_factory: Unknown
2025/06/15-14:10:56.311510 7870c1c98cc0                 Options.best_efforts_recovery: 0
2025/06/15-14:10:56.311510 7870c1c98cc0                Options.max_bgerror_resume_count: 2147483647
2025/06/15-14:10:56.311511 7870c1c98cc0            Options.bgerror_resume_retry_interval: 1000000
2025/06/15-14:10:56.311512 7870c1c98cc0             Options.allow_data_in_errors: 0
2025/06/15-14:10:56.311512 7870c1c98cc0             Options.db_host_id: __hostname__
2025/06/15-14:10:56.311513 7870c1c98cc0             Options.max_background_jobs: 2
2025/06/15-14:10:56.311514 7870c1c98cc0             Options.max_background_compactions: -1
2025/06/15-14:10:56.311514 7870c1c98cc0             Options.max_subcompactions: 1
2025/06/15-14:10:56.311515 7870c1c98cc0             Options.avoid_flush_during_shutdown: 0
2025/06/15-14:10:56.311516 7870c1c98cc0           Options.writable_file_max_buffer_size: 1048576
2025/06/15-14:10:56.311517 7870c1c98cc0             Options.delayed_write_rate : 16777216
2025/06/15-14:10:56.311517 7870c1c98cc0             Options.max_total_wal_size: 0
2025/06/15-14:10:56.311518 7870c1c98cc0             Options.delete_obsolete_files_period_micros: 21600000000
2025/06/15-14:10:56.311519 7870c1c98cc0                   Options.stats_dump_period_sec: 600
2025/06/15-14:10:56.311520 7870c1c98cc0                 Options.stats_persist_period_sec: 600
2025/06/15-14:10:56.311520 7870c1c98cc0                 Options.stats_history_buffer_size: 1048576
2025/06/15-14:10:56.311521 7870c1c98cc0                          Options.max_open_files: -1
2025/06/15-14:10:56.311522 7870c1c98cc0                          Options.bytes_per_sync: 0
2025/06/15-14:10:56.311523 7870c1c98cc0                      Options.wal_bytes_per_sync: 0
2025/06/15-14:10:56.311562 7870c1c98cc0                   Options.strict_bytes_per_sync: 0
2025/06/15-14:10:56.311563 7870c1c98cc0       Options.compaction_readahead_size: 0
2025/06/15-14:10:56.311564 7870c1c98cc0                  Options.max_background_flushes: -1
2025/06/15-14:10:56.311565 7870c1c98cc0 Compression algorithms supported:
2025/06/15-14:10:56.311567 7870c1c98cc0 	kZSTDNotFinalCompression supported: 1
2025/06/15-14:10:56.311574 7870c1c98cc0 	kZSTD supported: 1
2025/06/15-14:10:56.311574 7870c1c98cc0 	kXpressCompression supported: 0
2025/06/15-14:10:56.311575 7870c1c98cc0 	kLZ4HCCompression supported: 1
2025/06/15-14:10:56.311576 7870c1c98cc0 	kLZ4Compression supported: 1
2025/06/15-14:10:56.311577 7870c1c98cc0 	kBZip2Compression supported: 1
2025/06/15-14:10:56.311578 7870c1c98cc0 	kZlibCompression supported: 1
2025/06/15-14:10:56.311579 7870c1c98cc0 	kSnappyCompression supported: 1
2025/06/15-14:10:56.311584 7870c1c98cc0 Fast CRC32 supported: Supported on x86
2025/06/15-14:10:56.312647 7870c1c98cc0 [db/version_set.cc:4758] Recovering from manifest file: /home/darshan/ic-projects/dkeeper/.dfx/state/replicated_state/node-100/ic_consensus_pool/consensus/MANIFEST-000003
2025/06/15-14:10:56.314012 7870c1c98cc0 [db/column_family.cc:595] --------------- Options for column family [default]:
2025/06/15-14:10:56.314015 7870c1c98cc0               Options.comparator: leveldb.BytewiseComparator
2025/06/15-14:10:56.314016 7870c1c98cc0           Options.merge_operator: None
2025/06/15-14:10:56.314016 7870c1c98cc0        Options.compaction_filter: None
2025/06/15-14:10:56.314017 7870c1c98cc0        Options.compaction_filter_factory: None
2025/06/15-14:10:56.314017 7870c1c98cc0  Options.sst_partitioner_factory: None
2025/06/15-14:10:56.314018 7870c1c98cc0         Options.memtable_factory: SkipListFactory
2025/06/15-14:10:56.314019 7870c1c98cc0            Options.table_factory: BlockBasedTable
2025/06/15-14:10:56.314046 7870c1c98cc0            table_factory options:   flush_block_policy_factory: FlushBlockBySizePolicyFactory (0x5599857b7150)
  cache_index_and_filter_blocks: 0
  cache_index_and_filter_blocks_with_high_priority: 1
  pin_l0_filter_and_index_blocks_in_cache: 0
  pin_top_level_index_and_filter: 1
  index_type: 0
  data_block_index_type: 0
  index_shortening: 1
  data_block_hash_table_util_ratio: 0.750000
  hash_index_allow_collision: 1
  checksum: 1
  no_block_cache: 0
  block_cache: 0x5599857b71a0
  block_cache_name: LRUCache
  block_cache_options:
    capacity : 8388608
    num_shard_bits : 4
    strict_capacity_limit : 0
    memory_allocator : None
    high_pri_pool_ratio: 0.000
  block_cache_compressed: (nil)
  persistent_cache: (nil)
  block_size: 4096
  block_size_deviation: 10
  block_restart_interval: 16
  index_block_restart_interval: 1
  metadata_block_size: 4096
  partition_filters: 0
  use_delta_encoding: 1
  filter_policy: nullptr
  whole_key_filtering: 1
  verify_compression: 0
  read_amp_bytes_per_bit: 0
  format_version: 4
  enable_index_compression: 1
  block_align: 0
2025/06/15-14:10:56.314061 7870c1c98cc0        Options.write_buffer_size: 67108864
2025/06/15-14:10:56.314063 7870c1c98cc0  Options.max_write_buffer_number: 2
2025/06/15-14:10:56.314066 7870c1c98cc0          Options.compression: Snappy
2025/06/15-14:10:56.314067 7870c1c98cc0                  Options.bottommost_compression: Disabled
2025/06/15-14:10:56.314067 7870c1c98cc0       Options.prefix_extractor: nullptr
2025/06/15-14:10:56.314068 7870c1c98cc0   Options.memtable_insert_with_hint_prefix_extractor: nullptr
2025/06/15-14:10:56.314068 7870c1c98cc0             Options.num_levels: 7
2025/06/15-14:10:56.314068 7870c1c98cc0        Options.min_write_buffer_number_to_merge: 1
2025/06/15-14:10:56.314069 7870c1c98cc0     Options.max_write_buffer_number_to_maintain: 0
2025/06/15-14:10:56.314069 7870c1c98cc0     Options.max_write_buffer_size_to_maintain: 0
2025/06/15-14:10:56.314070 7870c1c98cc0            Options.bottommost_compression_opts.window_bits: -14
2025/06/15-14:10:56.314070 7870c1c98cc0                  Options.bottommost_compression_opts.level: 32767
2025/06/15-14:10:56.314103 7870c1c98cc0               Options.bottommost_compression_opts.strategy: 0
2025/06/15-14:10:56.314105 7870c1c98cc0         Options.bottommost_compression_opts.max_dict_bytes: 0
2025/06/15-14:10:56.314105 7870c1c98cc0         Options.bottommost_compression_opts.zstd_max_train_bytes: 0
2025/06/15-14:10:56.314106 7870c1c98cc0         Options.bottommost_compression_opts.parallel_threads: 1
2025/06/15-14:10:56.314107 7870c1c98cc0                  Options.bottommost_compression_opts.enabled: false
2025/06/15-14:10:56.314108 7870c1c98cc0            Options.compression_opts.window_bits: -14
2025/06/15-14:10:56.314108 7870c1c98cc0                  Options.compression_opts.level: 32767
2025/06/15-14:10:56.314109 7870c1c98cc0               Options.compression_opts.strategy: 0
2025/06/15-14:10:56.314110 7870c1c98cc0         Options.compression_opts.max_dict_bytes: 0
2025/06/15-14:10:56.314110 7870c1c98cc0         Options.compression_opts.zstd_max_train_bytes: 0
2025/06/15-14:10:56.314111 7870c1c98cc0         Options.compression_opts.parallel_threads: 1
2025/06/15-14:10:56.314112 7870c1c98cc0                  Options.compression_opts.enabled: false
2025/06/15-14:10:56.314113 7870c1c98cc0      Options.level0_file_num_compaction_trigger: 4
2025/06/15-14:10:56.314113 7870c1c98cc0          Options.level0_slowdown_writes_trigger: 20
2025/06/15-14:10:56.314114 7870c1c98cc0              Options.level0_stop_writes_trigger: 36
2025/06/15-14:10:56.314115 7870c1c98cc0                   Options.target_file_size_base: 67108864
2025/06/15-14:10:56.314115 7870c1c98cc0             Options.target_file_size_multiplier: 1
2025/06/15-14:10:56.314116 7870c1c98cc0                Options.max_bytes_for_level_base: 268435456
2025/06/15-14:10:56.314117 7870c1c98cc0 Options.level_compaction_dynamic_level_bytes: 0
2025/06/15-14:10:56.314117 7870c1c98cc0          Options.max_bytes_for_level_multiplier: 10.000000
2025/06/15-14:10:56.314119 7870c1c98cc0 Options.max_bytes_for_level_multiplier_addtl[0]: 1
2025/06/15-14:10:56.314119 7870c1c98cc0 Options.max_bytes_for_level_multiplier_addtl[1]: 1
2025/06/15-14:10:56.314120 7870c1c98cc0 Options.max_bytes_for_level_multiplier_addtl[2]: 1
2025/06/15-14:10:56.314121 7870c1c98cc0 Options.max_bytes_for_level_multiplier_addtl[3]: 1
2025/06/15-14:10:56.314122 7870c1c98cc0 Options.max_bytes_for_level_multiplier_addtl[4]: 1
2025/06/15-14:10:56.314122 7870c1c98cc0 Options.max_bytes_for_level_multiplier_addtl[5]: 1
2025/06/15-14:10:56.314123 7870c1c98cc0 Options.max_bytes_for_level_multiplier_addtl[6]: 1
2025/06/15-14:10:56.314124 7870c1c98cc0       Options.max_sequential_skip_in_iterations: 8
2025/06/15-14:10:56.314124 7870c1c98cc0                    Options.max_compaction_bytes: 1677721600
2025/06/15-14:10:56.314125 7870c1c98cc0                        Options.arena_block_size: 8388608
2025/06/15-14:10:56.314126 7870c1c98cc0   Options.soft_pending_compaction_bytes_limit: 68719476736
2025/06/15-14:10:56.314126 7870c1c98cc0   Options.hard_pending_compaction_bytes_limit: 274877906944
2025/06/15-14:10:56.314127 7870c1c98cc0       Options.rate_limit_delay_max_milliseconds: 100
2025/06/15-14:10:56.314127 7870c1c98cc0                Options.disable_auto_compactions: 0
2025/06/15-14:10:56.314129 7870c1c98cc0                        Options.compaction_style: kCompactionStyleLevel
2025/06/15-14:10:56.314131 7870c1c98cc0                          Options.compaction_pri: kMinOverlappingRatio
2025/06/15-14:10:56.314131 7870c1c98cc0 Options.compaction_options_universal.size_ratio: 1
2025/06/15-14:10:56.314132 7870c1c98cc0 Options.compaction_options_universal.min_merge_width: 2
2025/06/15-14:10:56.314149 7870c1c98cc0 Options.compaction_options_universal.max_merge_width: 4294967295
2025/06/15-14:10:56.314150 7870c1c98cc0 Options.compaction_options_universal.max_size_amplification_percent: 200
2025/06/15-14:10:56.314152 7870c1c98cc0 Options.compaction_options_universal.compression_size_percent: -1
2025/06/15-14:10:56.314153 7870c1c98cc0 Options.compaction_options_universal.stop_style: kCompactionStopStyleTotalSize
2025/06/15-14:10:56.314161 7870c1c98cc0 Options.compaction_options_fifo.max_table_files_size: 1073741824
2025/06/15-14:10:56.314162 7870c1c98cc0 Options.compaction_options_fifo.allow_compaction: 0
2025/06/15-14:10:56.314165 7870c1c98cc0                   Options.table_properties_collectors: 
2025/06/15-14:10:56.314166 7870c1c98cc0                   Options.inplace_update_support: 0
2025/06/15-14:10:56.314167 7870c1c98cc0                 Options.inplace_update_num_locks: 10000
2025/06/15-14:10:56.314168 7870c1c98cc0               Options.memtable_prefix_bloom_size_ratio: 0.000000
2025/06/15-14:10:56.314169 7870c1c98cc0               Options.memtable_whole_key_filtering: 0
2025/06/15-14:10:56.314170 7870c1c98cc0   Options.memtable_huge_page_size: 0
2025/06/15-14:10:56.314171 7870c1c98cc0                           Options.bloom_locality: 0
2025/06/15-14:10:56.314171 7870c1c98cc0                    Options.max_successive_merges: 0
2025/06/15-14:10:56.314172 7870c1c98cc0                Options.optimize_filters_for_hits: 0
2025/06/15-14:10:56.314173 7870c1c98cc0                Options.paranoid_file_checks: 0
2025/06/15-14:10:56.314174 7870c1c98cc0                Options.force_consistency_checks: 1
2025/06/15-14:10:56.314174 7870c1c98cc0                Options.report_bg_io_stats: 0
2025/06/15-14:10:56.314175 7870c1c98cc0                               Options.ttl: 2592000
2025/06/15-14:10:56.314176 7870c1c98cc0          Options.periodic_compaction_seconds: 0
2025/06/15-14:10:56.314177 7870c1c98cc0                    Options.enable_blob_files: false
2025/06/15-14:10:56.314177 7870c1c98cc0                        Options.min_blob_size: 0
2025/06/15-14:10:56.314178 7870c1c98cc0                       Options.blob_file_size: 268435456
2025/06/15-14:10:56.314179 7870c1c98cc0                Options.blob_compression_type: NoCompression
2025/06/15-14:10:56.314180 7870c1c98cc0       Options.enable_blob_garbage_collection: false
2025/06/15-14:10:56.314180 7870c1c98cc0   Options.blob_garbage_collection_age_cutoff: 0.250000
2025/06/15-14:10:56.314597 7870c1c98cc0 [db/column_family.cc:595] --------------- Options for column family [RB]:
2025/06/15-14:10:56.314600 7870c1c98cc0               Options.comparator: leveldb.BytewiseComparator
2025/06/15-14:10:56.314601 7870c1c98cc0           Options.merge_operator: None
2025/06/15-14:10:56.314604 7870c1c98cc0        Options.compaction_filter: filter_outdated
2025/06/15-14:10:56.314605 7870c1c98cc0        Options.compaction_filter_factory: None
2025/06/15-14:10:56.314605 7870c1c98cc0  Options.sst_partitioner_factory: None
2025/06/15-14:10:56.314606 7870c1c98cc0         Options.memtable_factory: SkipListFactory
2025/06/15-14:10:56.314607 7870c1c98cc0            Options.table_factory: BlockBasedTable
2025/06/15-14:10:56.314631 7870c1c98cc0            table_factory options:   flush_block_policy_factory: FlushBlockBySizePolicyFactory (0x55998579d650)
  cache_index_and_filter_blocks: 0
  cache_index_and_filter_blocks_with_high_priority: 1
  pin_l0_filter_and_index_blocks_in_cache: 0
  pin_top_level_index_and_filter: 1
  index_type: 0
  data_block_index_type: 0
  index_shortening: 1
  data_block_hash_table_util_ratio: 0.750000
  hash_index_allow_collision: 1
  checksum: 1
  no_block_cache: 0
  block_cache: 0x55998579d6a0
  block_cache_name: LRUCache
  block_cache_options:
    capacity : 8388608
    num_shard_bits : 4
    strict_capacity_limit : 0
    memory_allocator : None
    high_pri_pool_ratio: 0.000
  block_cache_compressed: (nil)
  persistent_cache: (nil)
  block_size: 4096
  block_size_deviation: 10
  block_restart_interval: 16
  index_block_restart_interval: 1
  metadata_block_size: 4096
  partition_filters: 0
  use_delta_encoding: 1
  filter_policy: nullptr
  whole_key_filtering: 1
  verify_compression: 0
  read_amp_bytes_per_bit: 0
  format_version: 4
  enable_index_compression: 1
  block_align: 0
2025/06/15-14:10:56.314643 7870c1c98cc0        Options.write_buffer_size: 67108864
2025/06/15-14:10:56.314644 7870c1c98cc0  Options.max_write_buffer_number: 2
2025/06/15-14:10:56.314645 7870c1c98cc0          Options.compression: NoCompression
2025/06/15-14:10:56.314677 7870c1c98cc0                  Options.bottommost_compression: Disabled
2025/06/15-14:10:56.314679 7870c1c98cc0       Options.prefix_extractor: nullptr
2025/06/15-14:10:56.314680 7870c1c98cc0   Options.memtable_insert_with_hint_prefix_extractor: nullptr
2025/06/15-14:10:56.314681 7870c1c98cc0             Options.num_levels: 7
2025/06/15-14:10:56.314681 7870c1c98cc0        Options.min_write_buffer_number_to_merge: 1
2025/06/15-14:10:56.314682 7870c1c98cc0     Options.max_write_buffer_number_to_maintain: 0
2025/06/15-14:10:56.314683 7870c1c98cc0     Options.max_write_buffer_size_to_maintain: 0
2025/06/15-14:10:56.314684 7870c1c98cc0            Options.bottommost_compression_opts.window_bits: -14
2025/06/15-14:10:56.314684 7870c1c98cc0                  Options.bottommost_compression_opts.level: 32767
2025/06/15-14:10:56.314685 7870c1c98cc0               Options.bottommost_compression_opts.strategy: 0
2025/06/15-14:10:56.314686 7870c1c98cc0         Options.bottommost_compression_opts.max_dict_bytes: 0
2025/06/15-14:10:56.314687 7870c1c98cc0         Options.bottommost_compression_opts.zstd_max_train_bytes: 0
2025/06/15-14:10:56.314687 7870c1c98cc0         Options.bottommost_compression_opts.parallel_threads: 1
2025/06/15-14:10:56.314688 7870c1c98cc0                  Options.bottommost_compression_opts.enabled: false
2025/06/15-14:10:56.314689 7870c1c98cc0            Options.compression_opts.window_bits: -14
2025/06/15-14:10:56.314704 7870c1c98cc0                  Options.compression_opts.level: 32767
2025/06/15-14:10:56.314707 7870c1c98cc0               Options.compression_opts.strategy: 0
2025/06/15-14:10:56.314708 7870c1c98cc0         Options.compression_opts.max_dict_bytes: 0
2025/06/15-14:10:56.314709 7870c1c98cc0         Options.compression_opts.zstd_max_train_bytes: 0
2025/06/15-14:10:56.314709 7870c1c98cc0         Options.compression_opts.parallel_threads: 1
2025/06/15-14:10:56.314710 7870c1c98cc0                  Options.compression_opts.enabled: false
2025/06/15-14:10:56.314711 7870c1c98cc0      Options.level0_file_num_compaction_trigger: 4
2025/06/15-14:10:56.314712 7870c1c98cc0          Options.level0_slowdown_writes_trigger: 20
2025/06/15-14:10:56.314712 7870c1c98cc0              Options.level0_stop_writes_trigger: 36
2025/06/15-14:10:56.314713 7870c1c98cc0                   Options.target_file_size_base: 67108864
2025/06/15-14:10:56.314714 7870c1c98cc0             Options.target_file_size_multiplier: 1
2025/06/15-14:10:56.314715 7870c1c98cc0                Options.max_bytes_for_level_base: 268435456
2025/06/15-14:10:56.314716 7870c1c98cc0 Options.level_compaction_dynamic_level_bytes: 0
2025/06/15-14:10:56.314717 7870c1c98cc0          Options.max_bytes_for_level_multiplier: 10.000000
2025/06/15-14:10:56.314718 7870c1c98cc0 Options.max_bytes_for_level_multiplier_addtl[0]: 1
2025/06/15-14:10:56.314719 7870c1c98cc0 Options.max_bytes_for_level_multiplier_addtl[1]: 1
2025/06/15-14:10:56.314720 7870c1c98cc0 Options.max_bytes_for_level_multiplier_addtl[2]: 1
2025/06/15-14:10:56.314721 7870c1c98cc0 Options.max_bytes_for_level_multiplier_addtl[3]: 1
2025/06/15-14:10:56.314722 7870c1c98cc0 Options.max_bytes_for_level_multiplier_addtl[4]: 1
2025/06/15-14:10:56.314723 7870c1c98cc0 Options.max_bytes_for_level_multiplier_addtl[5]: 1
2025/06/15-14:10:56.314724 7870c1c98cc0 Options.max_bytes_for_level_multiplier_addtl[6]: 1
2025/06/15-14:10:56.314724 7870c1c98cc0       Options.max_sequential_skip_in_iterations: 8
2025/06/15-14:10:56.314725 7870c1c98cc0                    Options.max_compaction_bytes: 1677721600
2025/06/15-14:10:56.314726 7870c1c98cc0                        Options.arena_block_size: 8388608
2025/06/15-14:10:56.314727 7870c1c98cc0   Options.soft_pending_compaction_bytes_limit: 68719476736
2025/06/15-14:10:56.314728 7870c1c98cc0   Options.hard_pending_compaction_bytes_limit: 274877906944
2025/06/15-14:10:56.314728 7870c1c98cc0       Options.rate_limit_delay_max_milliseconds: 100
2025/06/15-14:10:56.314729 7870c1c98cc0                Options.disable_auto_compactions: 1
2025/06/15-14:10:56.314741 7870c1c98cc0                        Options.compaction_style: kCompactionStyleLevel
2025/06/15-14:10:56.314743 7870c1c98cc0                          Options.compaction_pri: kMinOverlappingRatio
2025/06/15-14:10:56.314744 7870c1c98cc0 Options.compaction_options_universal.size_ratio: 1
2025/06/15-14:10:56.314744 7870c1c98cc0 Options.compaction_options_universal.min_merge_width: 2
2025/06/15-14:10:56.314745 7870c1c98cc0 Options.compaction_options_universal.max_merge_width: 4294967295
2025/06/15-14:10:56.314746 7870c1c98cc0 Options.compaction_options_universal.max_size_amplification_percent: 200
2025/06/15-14:10:56.314747 7870c1c98cc0 Options.compaction_options_universal.compression_size_percent: -1
2025/06/15-14:10:56.314764 7870c1c98cc0 Options.compaction_options_universal.stop_style: kCompactionStopStyleTotalSize
2025/06/15-14:10:56.314766 7870c1c98cc0 Options.compaction_options_fifo.max_table_files_size: 1073741824
2025/06/15-14:10:56.314766 7870c1c98cc0 Options.compaction_options_fifo.allow_compaction: 0
2025/06/15-14:10:56.314769 7870c1c98cc0                   Options.table_properties_collectors: 
2025/06/15-14:10:56.314770 7870c1c98cc0                   Options.inplace_update_support: 0
2025/06/15-14:10:56.314770 7870c1c98cc0                 Options.inplace_update_num_locks: 10000
2025/06/15-14:10:56.314771 7870c1c98cc0               Options.memtable_prefix_bloom_size_ratio: 0.000000
2025/06/15-14:10:56.314773 7870c1c98cc0               Options.memtable_whole_key_filtering: 0
2025/06/15-14:10:56.314774 7870c1c98cc0   Options.memtable_huge_page_size: 0
2025/06/15-14:10:56.314774 7870c1c98cc0                           Options.bloom_locality: 0
2025/06/15-14:10:56.314775 7870c1c98cc0                    Options.max_successive_merges: 0
2025/06/15-14:10:56.314776 7870c1c98cc0                Options.optimize_filters_for_hits: 0
2025/06/15-14:10:56.314777 7870c1c98cc0                Options.paranoid_file_checks: 0
2025/06/15-14:10:56.314778 7870c1c98cc0                Options.force_consistency_checks: 1
2025/06/15-14:10:56.314778 7870c1c98cc0                Options.report_bg_io_stats: 0
2025/06/15-14:10:56.314779 7870c1c98cc0                               Options.ttl: 2592000
2025/06/15-14:10:56.314780 7870c1c98cc0          Options.periodic_compaction_seconds: 2592000
2025/06/15-14:10:56.314781 7870c1c98cc0                    Options.enable_blob_files: false
2025/06/15-14:10:56.314782 7870c1c98cc0                        Options.min_blob_size: 0
2025/06/15-14:10:56.314783 7870c1c98cc0                       Options.blob_file_size: 268435456
2025/06/15-14:10:56.314784 7870c1c98cc0                Options.blob_compression_type: NoCompression
2025/06/15-14:10:56.314784 7870c1c98cc0       Options.enable_blob_garbage_collection: false
2025/06/15-14:10:56.314785 7870c1c98cc0   Options.blob_garbage_collection_age_cutoff: 0.250000
2025/06/15-14:10:56.314870 7870c1c98cc0 [db/column_family.cc:595] --------------- Options for column family [FZ]:
2025/06/15-14:10:56.314872 7870c1c98cc0               Options.comparator: leveldb.BytewiseComparator
2025/06/15-14:10:56.314873 7870c1c98cc0           Options.merge_operator: None
2025/06/15-14:10:56.314875 7870c1c98cc0        Options.compaction_filter: filter_outdated
2025/06/15-14:10:56.314876 7870c1c98cc0        Options.compaction_filter_factory: None
2025/06/15-14:10:56.314877 7870c1c98cc0  Options.sst_partitioner_factory: None
2025/06/15-14:10:56.314878 7870c1c98cc0         Options.memtable_factory: SkipListFactory
2025/06/15-14:10:56.314879 7870c1c98cc0            Options.table_factory: BlockBasedTable
2025/06/15-14:10:56.314893 7870c1c98cc0            table_factory options:   flush_block_policy_factory: FlushBlockBySizePolicyFactory (0x55998579f890)
  cache_index_and_filter_blocks: 0
  cache_index_and_filter_blocks_with_high_priority: 1
  pin_l0_filter_and_index_blocks_in_cache: 0
  pin_top_level_index_and_filter: 1
  index_type: 0
  data_block_index_type: 0
  index_shortening: 1
  data_block_hash_table_util_ratio: 0.750000
  hash_index_allow_collision: 1
  checksum: 1
  no_block_cache: 0
  block_cache: 0x55998579f8e0
  block_cache_name: LRUCache
  block_cache_options:
    capacity : 8388608
    num_shard_bits : 4
    strict_capacity_limit : 0
    memory_allocator : None
    high_pri_pool_ratio: 0.000
  block_cache_compressed: (nil)
  persistent_cache: (nil)
  block_size: 4096
  block_size_deviation: 10
  block_restart_interval: 16
  index_block_restart_interval: 1
  metadata_block_size: 4096
  partition_filters: 0
  use_delta_encoding: 1
  filter_policy: nullptr
  whole_key_filtering: 1
  verify_compression: 0
  read_amp_bytes_per_bit: 0
  format_version: 4
  enable_index_compression: 1
  block_align: 0
2025/06/15-14:10:56.314920 7870c1c98cc0        Options.write_buffer_size: 67108864
2025/06/15-14:10:56.314922 7870c1c98cc0  Options.max_write_buffer_number: 2
2025/06/15-14:10:56.314923 7870c1c98cc0          Options.compression: NoCompression
2025/06/15-14:10:56.314924 7870c1c98cc0                  Options.bottommost_compression: Disabled
2025/06/15-14:10:56.314925 7870c1c98cc0       Options.prefix_extractor: nullptr
2025/06/15-14:10:56.314926 7870c1c98cc0   Options.memtable_insert_with_hint_prefix_extractor: nullptr
2025/06/15-14:10:56.314927 7870c1c98cc0             Options.num_levels: 7
2025/06/15-14:10:56.314928 7870c1c98cc0        Options.min_write_buffer_number_to_merge: 1
2025/06/15-14:10:56.314929 7870c1c98cc0     Options.max_write_buffer_number_to_maintain: 0
2025/06/15-14:10:56.314929 7870c1c98cc0     Options.max_write_buffer_size_to_maintain: 0
2025/06/15-14:10:56.314930 7870c1c98cc0            Options.bottommost_compression_opts.window_bits: -14
2025/06/15-14:10:56.314931 7870c1c98cc0                  Options.bottommost_compression_opts.level: 32767
2025/06/15-14:10:56.314932 7870c1c98cc0               Options.bottommost_compression_opts.strategy: 0
2025/06/15-14:10:56.314932 7870c1c98cc0         Options.bottommost_compression_opts.max_dict_bytes: 0
2025/06/15-14:10:56.314933 7870c1c98cc0         Options.bottommost_compression_opts.zstd_max_train_bytes: 0
2025/06/15-14:10:56.314934 7870c1c98cc0         Options.bottommost_compression_opts.parallel_threads: 1
2025/06/15-14:10:56.314935 7870c1c98cc0                  Options.bottommost_compression_opts.enabled: false
2025/06/15-14:10:56.314935 7870c1c98cc0            Options.compression_opts.window_bits: -14
2025/06/15-14:10:56.314936 7870c1c98cc0                  Options.compression_opts.level: 32767
2025/06/15-14:10:56.314937 7870c1c98cc0               Options.compression_opts.strategy: 0
2025/06/15-14:10:56.314938 7870c1c98cc0         Options.compression_opts.max_dict_bytes: 0
2025/06/15-14:10:56.314939 7870c1c98cc0         Options.compression_opts.zstd_max_train_bytes: 0
2025/06/15-14:10:56.314940 7870c1c98cc0         Options.compression_opts.parallel_threads: 1
2025/06/15-14:10:56.314940 7870c1c98cc0                  Options.compression_opts.enabled: false
2025/06/15-14:10:56.314941 7870c1c98cc0      Options.level0_file_num_compaction_trigger: 4
2025/06/15-14:10:56.314942 7870c1c98cc0          Options.level0_slowdown_writes_trigger: 20
2025/06/15-14:10:56.314943 7870c1c98cc0              Options.level0_stop_writes_trigger: 36
2025/06/15-14:10:56.314944 7870c1c98cc0                   Options.target_file_size_base: 67108864
2025/06/15-14:10:56.314945 7870c1c98cc0             Options.target_file_size_multiplier: 1
2025/06/15-14:10:56.314945 7870c1c98cc0                Options.max_bytes_for_level_base: 268435456
2025/06/15-14:10:56.314946 7870c1c98cc0 Options.level_compaction_dynamic_level_bytes: 0
2025/06/15-14:10:56.314947 7870c1c98cc0          Options.max_bytes_for_level_multiplier: 10.000000
2025/06/15-14:10:56.314949 7870c1c98cc0 Options.max_bytes_for_level_multiplier_addtl[0]: 1
2025/06/15-14:10:56.314950 7870c1c98cc0 Options.max_bytes_for_level_multiplier_addtl[1]: 1
2025/06/15-14:10:56.314951 7870c1c98cc0 Options.max_bytes_for_level_multiplier_addtl[2]: 1
2025/06/15-14:10:56.314952 7870c1c98cc0 Options.max_bytes_for_level_multiplier_addtl[3]: 1
2025/06/15-14:10:56.314953 7870c1c98cc0 Options.max_bytes_for_level_multiplier_addtl[4]: 1
2025/06/15-14:10:56.314959 7870c1c98cc0 Options.max_bytes_for_level_multiplier_addtl[5]: 1
2025/06/15-14:10:56.314960 7870c1c98cc0 Options.max_bytes_for_level_multiplier_addtl[6]: 1
2025/06/15-14:10:56.314961 7870c1c98cc0       Options.max_sequential_skip_in_iterations: 8
2025/06/15-14:10:56.314962 7870c1c98cc0                    Options.max_compaction_bytes: 1677721600
2025/06/15-14:10:56.314963 7870c1c98cc0                        Options.arena_block_size: 8388608
2025/06/15-14:10:56.314964 7870c1c98cc0   Options.soft_pending_compaction_bytes_limit: 68719476736
2025/06/15-14:10:56.314964 7870c1c98cc0   Options.hard_pending_compaction_bytes_limit: 274877906944
2025/06/15-14:10:56.314965 7870c1c98cc0       Options.rate_limit_delay_max_milliseconds: 100
2025/06/15-14:10:56.314966 7870c1c98cc0                Options.disable_auto_compactions: 1
2025/06/15-14:10:56.314967 7870c1c98cc0                        Options.compaction_style: kCompactionStyleLevel
2025/06/15-14:10:56.314968 7870c1c98cc0                          Options.compaction_pri: kMinOverlappingRatio
2025/06/15-14:10:56.314969 7870c1c98cc0 Options.compaction_options_universal.size_ratio: 1
2025/06/15-14:10:56.314970 7870c1c98cc0 Options.compaction_options_universal.min_merge_width: 2
2025/06/15-14:10:56.314971 7870c1c98cc0 Options.compaction_options_universal.max_merge_width: 4294967295
2025/06/15-14:10:56.314972 7870c1c98cc0 Options.compaction_options_universal.max_size_amplification_percent: 200
2025/06/15-14:10:56.314973 7870c1c98cc0 Options.compaction_options_universal.compression_size_percent: -1
2025/06/15-14:10:56.314973 7870c1c98cc0 Options.compaction_options_universal.stop_style: kCompactionStopStyleTotalSize
2025/06/15-14:10:56.314974 7870c1c98cc0 Options.compaction_options_fifo.max_table_files_size: 1073741824
2025/06/15-14:10:56.314975 7870c1c98cc0 Options.compaction_options_fifo.allow_compaction: 0
2025/06/15-14:10:56.314977 7870c1c98cc0                   Options.table_properties_collectors: 
2025/06/15-14:10:56.314977 7870c1c98cc0                   Options.inplace_update_support: 0
2025/06/15-14:10:56.314978 7870c1c98cc0                 Options.inplace_update_num_locks: 10000
2025/06/15-14:10:56.314979 7870c1c98cc0               Options.memtable_prefix_bloom_size_ratio: 0.000000
2025/06/15-14:10:56.314980 7870c1c98cc0               Options.memtable_whole_key_filtering: 0
2025/06/15-14:10:56.314981 7870c1c98cc0   Options.memtable_huge_page_size: 0
2025/06/15-14:10:56.314982 7870c1c98cc0                           Options.bloom_locality: 0
2025/06/15-14:10:56.314982 7870c1c98cc0                    Options.max_successive_merges: 0
2025/06/15-14:10:56.314983 7870c1c98cc0                Options.optimize_filters_for_hits: 0
2025/06/15-14:10:56.314984 7870c1c98cc0                Options.paranoid_file_checks: 0
2025/06/15-14:10:56.314985 7870c1c98cc0                Options.force_consistency_checks: 1
2025/06/15-14:10:56.314986 7870c1c98cc0                Options.report_bg_io_stats: 0
2025/06/15-14:10:56.314986 7870c1c98cc0                               Options.ttl: 2592000
2025/06/15-14:10:56.314987 7870c1c98cc0          Options.periodic_compaction_seconds: 2592000
2025/06/15-14:10:56.314988 7870c1c98cc0                    Options.enable_blob_files: false
2025/06/15-14:10:56.314989 7870c1c98cc0                        Options.min_blob_size: 0
2025/06/15-14:10:56.314990 7870c1c98cc0                       Options.blob_file_size: 268435456
2025/06/15-14:10:56.314990 7870c1c98cc0                Options.blob_compression_type: NoCompression
2025/06/15-14:10:56.314991 7870c1c98cc0       Options.enable_blob_garbage_collection: false
2025/06/15-14:10:56.314992 7870c1c98cc0   Options.blob_garbage_collection_age_cutoff: 0.250000
2025/06/15-14:10:56.315035 7870c1c98cc0 [db/column_family.cc:595] --------------- Options for column family [NZ]:
2025/06/15-14:10:56.315036 7870c1c98cc0               Options.comparator: leveldb.BytewiseComparator
2025/06/15-14:10:56.315037 7870c1c98cc0           Options.merge_operator: None
2025/06/15-14:10:56.315043 7870c1c98cc0        Options.compaction_filter: filter_outdated
2025/06/15-14:10:56.315044 7870c1c98cc0        Options.compaction_filter_factory: None
2025/06/15-14:10:56.315045 7870c1c98cc0  Options.sst_partitioner_factory: None
2025/06/15-14:10:56.315046 7870c1c98cc0         Options.memtable_factory: SkipListFactory
2025/06/15-14:10:56.315047 7870c1c98cc0            Options.table_factory: BlockBasedTable
2025/06/15-14:10:56.315086 7870c1c98cc0            table_factory options:   flush_block_policy_factory: FlushBlockBySizePolicyFactory (0x5599857a1ad0)
  cache_index_and_filter_blocks: 0
  cache_index_and_filter_blocks_with_high_priority: 1
  pin_l0_filter_and_index_blocks_in_cache: 0
  pin_top_level_index_and_filter: 1
  index_type: 0
  data_block_index_type: 0
  index_shortening: 1
  data_block_hash_table_util_ratio: 0.750000
  hash_index_allow_collision: 1
  checksum: 1
  no_block_cache: 0
  block_cache: 0x5599857a1b20
  block_cache_name: LRUCache
  block_cache_options:
    capacity : 8388608
    num_shard_bits : 4
    strict_capacity_limit : 0
    memory_allocator : None
    high_pri_pool_ratio: 0.000
  block_cache_compressed: (nil)
  persistent_cache: (nil)
  block_size: 4096
  block_size_deviation: 10
  block_restart_interval: 16
  index_block_restart_interval: 1
  metadata_block_size: 4096
  partition_filters: 0
  use_delta_encoding: 1
  filter_policy: nullptr
  whole_key_filtering: 1
  verify_compression: 0
  read_amp_bytes_per_bit: 0
  format_version: 4
  enable_index_compression: 1
  block_align: 0
2025/06/15-14:10:56.315101 7870c1c98cc0        Options.write_buffer_size: 67108864
2025/06/15-14:10:56.315102 7870c1c98cc0  Options.max_write_buffer_number: 2
2025/06/15-14:10:56.315103 7870c1c98cc0          Options.compression: NoCompression
2025/06/15-14:10:56.315103 7870c1c98cc0                  Options.bottommost_compression: Disabled
2025/06/15-14:10:56.315104 7870c1c98cc0       Options.prefix_extractor: nullptr
2025/06/15-14:10:56.315105 7870c1c98cc0   Options.memtable_insert_with_hint_prefix_extractor: nullptr
2025/06/15-14:10:56.315106 7870c1c98cc0             Options.num_levels: 7
2025/06/15-14:10:56.315107 7870c1c98cc0        Options.min_write_buffer_number_to_merge: 1
2025/06/15-14:10:56.315107 7870c1c98cc0     Options.max_write_buffer_number_to_maintain: 0
2025/06/15-14:10:56.315108 7870c1c98cc0     Options.max_write_buffer_size_to_maintain: 0
2025/06/15-14:10:56.315109 7870c1c98cc0            Options.bottommost_compression_opts.window_bits: -14
2025/06/15-14:10:56.315110 7870c1c98cc0                  Options.bottommost_compression_opts.level: 32767
2025/06/15-14:10:56.315111 7870c1c98cc0               Options.bottommost_compression_opts.strategy: 0
2025/06/15-14:10:56.315111 7870c1c98cc0         Options.bottommost_compression_opts.max_dict_bytes: 0
2025/06/15-14:10:56.315112 7870c1c98cc0         Options.bottommost_compression_opts.zstd_max_train_bytes: 0
2025/06/15-14:10:56.315113 7870c1c98cc0         Options.bottommost_compression_opts.parallel_threads: 1
