2025/06/15-14:10:56.587450 7870c1c98cc0 RocksDB version: 6.17.0
2025/06/15-14:10:56.587478 7870c1c98cc0 Git sha 0
2025/06/15-14:10:56.587507 7870c1c98cc0 DB SUMMARY
2025/06/15-14:10:56.587508 7870c1c98cc0 DB Session ID:  H8M236ZHPU1522RRE7UX
2025/06/15-14:10:56.587524 7870c1c98cc0 CURRENT file:  CURRENT
2025/06/15-14:10:56.587525 7870c1c98cc0 IDENTITY file:  IDENTITY
2025/06/15-14:10:56.587554 7870c1c98cc0 MANIFEST file:  MANIFEST-000003 size: 762 Bytes
2025/06/15-14:10:56.587556 7870c1c98cc0 SST files in /home/darshan/ic-projects/dkeeper/.dfx/state/replicated_state/node-100/ic_consensus_pool/certification dir, Total Num: 2, files: 000013.sst 000016.sst 
2025/06/15-14:10:56.587557 7870c1c98cc0 Write Ahead Log file in /home/darshan/ic-projects/dkeeper/.dfx/state/replicated_state/node-100/ic_consensus_pool/certification: 000011.log size: 242 ; 000014.log size: 1555555 ; 
2025/06/15-14:10:56.587558 7870c1c98cc0                         Options.error_if_exists: 0
2025/06/15-14:10:56.587558 7870c1c98cc0                       Options.create_if_missing: 1
2025/06/15-14:10:56.587559 7870c1c98cc0                         Options.paranoid_checks: 1
2025/06/15-14:10:56.587559 7870c1c98cc0                               Options.track_and_verify_wals_in_manifest: 0
2025/06/15-14:10:56.587560 7870c1c98cc0                                     Options.env: 0x559929465380
2025/06/15-14:10:56.587560 7870c1c98cc0                                      Options.fs: Posix File System
2025/06/15-14:10:56.587561 7870c1c98cc0                                Options.info_log: 0x559985965e70
2025/06/15-14:10:56.587562 7870c1c98cc0                Options.max_file_opening_threads: 16
2025/06/15-14:10:56.587563 7870c1c98cc0                              Options.statistics: (nil)
2025/06/15-14:10:56.587563 7870c1c98cc0                               Options.use_fsync: 1
2025/06/15-14:10:56.587564 7870c1c98cc0                       Options.max_log_file_size: 0
2025/06/15-14:10:56.587565 7870c1c98cc0                  Options.max_manifest_file_size: 1073741824
2025/06/15-14:10:56.587566 7870c1c98cc0                   Options.log_file_time_to_roll: 0
2025/06/15-14:10:56.587566 7870c1c98cc0                       Options.keep_log_file_num: 1000
2025/06/15-14:10:56.587567 7870c1c98cc0                    Options.recycle_log_file_num: 0
2025/06/15-14:10:56.587568 7870c1c98cc0                         Options.allow_fallocate: 1
2025/06/15-14:10:56.587569 7870c1c98cc0                        Options.allow_mmap_reads: 0
2025/06/15-14:10:56.587569 7870c1c98cc0                       Options.allow_mmap_writes: 0
2025/06/15-14:10:56.587570 7870c1c98cc0                        Options.use_direct_reads: 0
2025/06/15-14:10:56.587571 7870c1c98cc0                        Options.use_direct_io_for_flush_and_compaction: 0
2025/06/15-14:10:56.587572 7870c1c98cc0          Options.create_missing_column_families: 1
2025/06/15-14:10:56.587572 7870c1c98cc0                              Options.db_log_dir: 
2025/06/15-14:10:56.587573 7870c1c98cc0                                 Options.wal_dir: /home/darshan/ic-projects/dkeeper/.dfx/state/replicated_state/node-100/ic_consensus_pool/certification
2025/06/15-14:10:56.587574 7870c1c98cc0                Options.table_cache_numshardbits: 6
2025/06/15-14:10:56.587574 7870c1c98cc0                         Options.WAL_ttl_seconds: 0
2025/06/15-14:10:56.587575 7870c1c98cc0                       Options.WAL_size_limit_MB: 0
2025/06/15-14:10:56.587576 7870c1c98cc0                        Options.max_write_batch_group_size_bytes: 1048576
2025/06/15-14:10:56.587577 7870c1c98cc0             Options.manifest_preallocation_size: 4194304
2025/06/15-14:10:56.587577 7870c1c98cc0                     Options.is_fd_close_on_exec: 1
2025/06/15-14:10:56.587578 7870c1c98cc0                   Options.advise_random_on_open: 1
2025/06/15-14:10:56.587579 7870c1c98cc0                    Options.db_write_buffer_size: 0
2025/06/15-14:10:56.587579 7870c1c98cc0                    Options.write_buffer_manager: 0x559985887a00
2025/06/15-14:10:56.587580 7870c1c98cc0         Options.access_hint_on_compaction_start: 1
2025/06/15-14:10:56.587581 7870c1c98cc0  Options.new_table_reader_for_compaction_inputs: 0
2025/06/15-14:10:56.587590 7870c1c98cc0           Options.random_access_max_buffer_size: 1048576
2025/06/15-14:10:56.587591 7870c1c98cc0                      Options.use_adaptive_mutex: 0
2025/06/15-14:10:56.587591 7870c1c98cc0                            Options.rate_limiter: (nil)
2025/06/15-14:10:56.587592 7870c1c98cc0     Options.sst_file_manager.rate_bytes_per_sec: 0
2025/06/15-14:10:56.587593 7870c1c98cc0                       Options.wal_recovery_mode: 2
2025/06/15-14:10:56.587594 7870c1c98cc0                  Options.enable_thread_tracking: 0
2025/06/15-14:10:56.587595 7870c1c98cc0                  Options.enable_pipelined_write: 0
2025/06/15-14:10:56.587595 7870c1c98cc0                  Options.unordered_write: 0
2025/06/15-14:10:56.587596 7870c1c98cc0         Options.allow_concurrent_memtable_write: 1
2025/06/15-14:10:56.587597 7870c1c98cc0      Options.enable_write_thread_adaptive_yield: 1
2025/06/15-14:10:56.587598 7870c1c98cc0             Options.write_thread_max_yield_usec: 100
2025/06/15-14:10:56.587599 7870c1c98cc0            Options.write_thread_slow_yield_usec: 3
2025/06/15-14:10:56.587599 7870c1c98cc0                               Options.row_cache: None
2025/06/15-14:10:56.587600 7870c1c98cc0                              Options.wal_filter: None
2025/06/15-14:10:56.587601 7870c1c98cc0             Options.avoid_flush_during_recovery: 0
2025/06/15-14:10:56.587602 7870c1c98cc0             Options.allow_ingest_behind: 0
2025/06/15-14:10:56.587602 7870c1c98cc0             Options.preserve_deletes: 0
2025/06/15-14:10:56.587603 7870c1c98cc0             Options.two_write_queues: 0
2025/06/15-14:10:56.587604 7870c1c98cc0             Options.manual_wal_flush: 0
2025/06/15-14:10:56.587604 7870c1c98cc0             Options.atomic_flush: 0
2025/06/15-14:10:56.587605 7870c1c98cc0             Options.avoid_unnecessary_blocking_io: 0
2025/06/15-14:10:56.587606 7870c1c98cc0                 Options.persist_stats_to_disk: 0
2025/06/15-14:10:56.587606 7870c1c98cc0                 Options.write_dbid_to_manifest: 0
2025/06/15-14:10:56.587607 7870c1c98cc0                 Options.log_readahead_size: 0
2025/06/15-14:10:56.587607 7870c1c98cc0                 Options.file_checksum_gen_factory: Unknown
2025/06/15-14:10:56.587608 7870c1c98cc0                 Options.best_efforts_recovery: 0
2025/06/15-14:10:56.587609 7870c1c98cc0                Options.max_bgerror_resume_count: 2147483647
2025/06/15-14:10:56.587609 7870c1c98cc0            Options.bgerror_resume_retry_interval: 1000000
2025/06/15-14:10:56.587610 7870c1c98cc0             Options.allow_data_in_errors: 0
2025/06/15-14:10:56.587611 7870c1c98cc0             Options.db_host_id: __hostname__
2025/06/15-14:10:56.587612 7870c1c98cc0             Options.max_background_jobs: 2
2025/06/15-14:10:56.587613 7870c1c98cc0             Options.max_background_compactions: -1
2025/06/15-14:10:56.587613 7870c1c98cc0             Options.max_subcompactions: 1
2025/06/15-14:10:56.587614 7870c1c98cc0             Options.avoid_flush_during_shutdown: 0
2025/06/15-14:10:56.587614 7870c1c98cc0           Options.writable_file_max_buffer_size: 1048576
2025/06/15-14:10:56.587615 7870c1c98cc0             Options.delayed_write_rate : 16777216
2025/06/15-14:10:56.587616 7870c1c98cc0             Options.max_total_wal_size: 0
2025/06/15-14:10:56.587616 7870c1c98cc0             Options.delete_obsolete_files_period_micros: 21600000000
2025/06/15-14:10:56.587617 7870c1c98cc0                   Options.stats_dump_period_sec: 600
2025/06/15-14:10:56.587618 7870c1c98cc0                 Options.stats_persist_period_sec: 600
2025/06/15-14:10:56.587619 7870c1c98cc0                 Options.stats_history_buffer_size: 1048576
2025/06/15-14:10:56.587619 7870c1c98cc0                          Options.max_open_files: -1
2025/06/15-14:10:56.587620 7870c1c98cc0                          Options.bytes_per_sync: 0
2025/06/15-14:10:56.587620 7870c1c98cc0                      Options.wal_bytes_per_sync: 0
2025/06/15-14:10:56.587621 7870c1c98cc0                   Options.strict_bytes_per_sync: 0
2025/06/15-14:10:56.587626 7870c1c98cc0       Options.compaction_readahead_size: 0
2025/06/15-14:10:56.587627 7870c1c98cc0                  Options.max_background_flushes: -1
2025/06/15-14:10:56.587627 7870c1c98cc0 Compression algorithms supported:
2025/06/15-14:10:56.587628 7870c1c98cc0 	kZSTDNotFinalCompression supported: 1
2025/06/15-14:10:56.587629 7870c1c98cc0 	kZSTD supported: 1
2025/06/15-14:10:56.587630 7870c1c98cc0 	kXpressCompression supported: 0
2025/06/15-14:10:56.587630 7870c1c98cc0 	kLZ4HCCompression supported: 1
2025/06/15-14:10:56.587631 7870c1c98cc0 	kLZ4Compression supported: 1
2025/06/15-14:10:56.587632 7870c1c98cc0 	kBZip2Compression supported: 1
2025/06/15-14:10:56.587632 7870c1c98cc0 	kZlibCompression supported: 1
2025/06/15-14:10:56.587633 7870c1c98cc0 	kSnappyCompression supported: 1
2025/06/15-14:10:56.587636 7870c1c98cc0 Fast CRC32 supported: Supported on x86
2025/06/15-14:10:56.588084 7870c1c98cc0 [db/version_set.cc:4758] Recovering from manifest file: /home/darshan/ic-projects/dkeeper/.dfx/state/replicated_state/node-100/ic_consensus_pool/certification/MANIFEST-000003
2025/06/15-14:10:56.588191 7870c1c98cc0 [db/column_family.cc:595] --------------- Options for column family [default]:
2025/06/15-14:10:56.588193 7870c1c98cc0               Options.comparator: leveldb.BytewiseComparator
2025/06/15-14:10:56.588193 7870c1c98cc0           Options.merge_operator: None
2025/06/15-14:10:56.588194 7870c1c98cc0        Options.compaction_filter: None
2025/06/15-14:10:56.588194 7870c1c98cc0        Options.compaction_filter_factory: None
2025/06/15-14:10:56.588194 7870c1c98cc0  Options.sst_partitioner_factory: None
2025/06/15-14:10:56.588195 7870c1c98cc0         Options.memtable_factory: SkipListFactory
2025/06/15-14:10:56.588195 7870c1c98cc0            Options.table_factory: BlockBasedTable
2025/06/15-14:10:56.588204 7870c1c98cc0            table_factory options:   flush_block_policy_factory: FlushBlockBySizePolicyFactory (0x55998587a650)
  cache_index_and_filter_blocks: 0
  cache_index_and_filter_blocks_with_high_priority: 1
  pin_l0_filter_and_index_blocks_in_cache: 0
  pin_top_level_index_and_filter: 1
  index_type: 0
  data_block_index_type: 0
  index_shortening: 1
  data_block_hash_table_util_ratio: 0.750000
  hash_index_allow_collision: 1
  checksum: 1
  no_block_cache: 0
  block_cache: 0x5599858878f0
  block_cache_name: LRUCache
  block_cache_options:
    capacity : 8388608
    num_shard_bits : 4
    strict_capacity_limit : 0
    memory_allocator : None
    high_pri_pool_ratio: 0.000
  block_cache_compressed: (nil)
  persistent_cache: (nil)
  block_size: 4096
  block_size_deviation: 10
  block_restart_interval: 16
  index_block_restart_interval: 1
  metadata_block_size: 4096
  partition_filters: 0
  use_delta_encoding: 1
  filter_policy: nullptr
  whole_key_filtering: 1
  verify_compression: 0
  read_amp_bytes_per_bit: 0
  format_version: 4
  enable_index_compression: 1
  block_align: 0
2025/06/15-14:10:56.588205 7870c1c98cc0        Options.write_buffer_size: 67108864
2025/06/15-14:10:56.588205 7870c1c98cc0  Options.max_write_buffer_number: 2
2025/06/15-14:10:56.588206 7870c1c98cc0          Options.compression: Snappy
2025/06/15-14:10:56.588206 7870c1c98cc0                  Options.bottommost_compression: Disabled
2025/06/15-14:10:56.588207 7870c1c98cc0       Options.prefix_extractor: nullptr
2025/06/15-14:10:56.588207 7870c1c98cc0   Options.memtable_insert_with_hint_prefix_extractor: nullptr
2025/06/15-14:10:56.588207 7870c1c98cc0             Options.num_levels: 7
2025/06/15-14:10:56.588208 7870c1c98cc0        Options.min_write_buffer_number_to_merge: 1
2025/06/15-14:10:56.588208 7870c1c98cc0     Options.max_write_buffer_number_to_maintain: 0
2025/06/15-14:10:56.588209 7870c1c98cc0     Options.max_write_buffer_size_to_maintain: 0
2025/06/15-14:10:56.588209 7870c1c98cc0            Options.bottommost_compression_opts.window_bits: -14
2025/06/15-14:10:56.588209 7870c1c98cc0                  Options.bottommost_compression_opts.level: 32767
2025/06/15-14:10:56.588210 7870c1c98cc0               Options.bottommost_compression_opts.strategy: 0
2025/06/15-14:10:56.588234 7870c1c98cc0         Options.bottommost_compression_opts.max_dict_bytes: 0
2025/06/15-14:10:56.588236 7870c1c98cc0         Options.bottommost_compression_opts.zstd_max_train_bytes: 0
2025/06/15-14:10:56.588236 7870c1c98cc0         Options.bottommost_compression_opts.parallel_threads: 1
2025/06/15-14:10:56.588237 7870c1c98cc0                  Options.bottommost_compression_opts.enabled: false
2025/06/15-14:10:56.588237 7870c1c98cc0            Options.compression_opts.window_bits: -14
2025/06/15-14:10:56.588238 7870c1c98cc0                  Options.compression_opts.level: 32767
2025/06/15-14:10:56.588238 7870c1c98cc0               Options.compression_opts.strategy: 0
2025/06/15-14:10:56.588238 7870c1c98cc0         Options.compression_opts.max_dict_bytes: 0
2025/06/15-14:10:56.588239 7870c1c98cc0         Options.compression_opts.zstd_max_train_bytes: 0
2025/06/15-14:10:56.588239 7870c1c98cc0         Options.compression_opts.parallel_threads: 1
2025/06/15-14:10:56.588239 7870c1c98cc0                  Options.compression_opts.enabled: false
2025/06/15-14:10:56.588240 7870c1c98cc0      Options.level0_file_num_compaction_trigger: 4
2025/06/15-14:10:56.588240 7870c1c98cc0          Options.level0_slowdown_writes_trigger: 20
2025/06/15-14:10:56.588241 7870c1c98cc0              Options.level0_stop_writes_trigger: 36
2025/06/15-14:10:56.588241 7870c1c98cc0                   Options.target_file_size_base: 67108864
2025/06/15-14:10:56.588241 7870c1c98cc0             Options.target_file_size_multiplier: 1
2025/06/15-14:10:56.588242 7870c1c98cc0                Options.max_bytes_for_level_base: 268435456
2025/06/15-14:10:56.588242 7870c1c98cc0 Options.level_compaction_dynamic_level_bytes: 0
2025/06/15-14:10:56.588242 7870c1c98cc0          Options.max_bytes_for_level_multiplier: 10.000000
2025/06/15-14:10:56.588244 7870c1c98cc0 Options.max_bytes_for_level_multiplier_addtl[0]: 1
2025/06/15-14:10:56.588244 7870c1c98cc0 Options.max_bytes_for_level_multiplier_addtl[1]: 1
2025/06/15-14:10:56.588244 7870c1c98cc0 Options.max_bytes_for_level_multiplier_addtl[2]: 1
2025/06/15-14:10:56.588245 7870c1c98cc0 Options.max_bytes_for_level_multiplier_addtl[3]: 1
2025/06/15-14:10:56.588245 7870c1c98cc0 Options.max_bytes_for_level_multiplier_addtl[4]: 1
2025/06/15-14:10:56.588245 7870c1c98cc0 Options.max_bytes_for_level_multiplier_addtl[5]: 1
2025/06/15-14:10:56.588246 7870c1c98cc0 Options.max_bytes_for_level_multiplier_addtl[6]: 1
2025/06/15-14:10:56.588246 7870c1c98cc0       Options.max_sequential_skip_in_iterations: 8
2025/06/15-14:10:56.588247 7870c1c98cc0                    Options.max_compaction_bytes: 1677721600
2025/06/15-14:10:56.588247 7870c1c98cc0                        Options.arena_block_size: 8388608
2025/06/15-14:10:56.588247 7870c1c98cc0   Options.soft_pending_compaction_bytes_limit: 68719476736
2025/06/15-14:10:56.588248 7870c1c98cc0   Options.hard_pending_compaction_bytes_limit: 274877906944
2025/06/15-14:10:56.588248 7870c1c98cc0       Options.rate_limit_delay_max_milliseconds: 100
2025/06/15-14:10:56.588249 7870c1c98cc0                Options.disable_auto_compactions: 0
2025/06/15-14:10:56.588250 7870c1c98cc0                        Options.compaction_style: kCompactionStyleLevel
2025/06/15-14:10:56.588250 7870c1c98cc0                          Options.compaction_pri: kMinOverlappingRatio
2025/06/15-14:10:56.588251 7870c1c98cc0 Options.compaction_options_universal.size_ratio: 1
2025/06/15-14:10:56.588251 7870c1c98cc0 Options.compaction_options_universal.min_merge_width: 2
2025/06/15-14:10:56.588252 7870c1c98cc0 Options.compaction_options_universal.max_merge_width: 4294967295
2025/06/15-14:10:56.588252 7870c1c98cc0 Options.compaction_options_universal.max_size_amplification_percent: 200
2025/06/15-14:10:56.588252 7870c1c98cc0 Options.compaction_options_universal.compression_size_percent: -1
2025/06/15-14:10:56.588253 7870c1c98cc0 Options.compaction_options_universal.stop_style: kCompactionStopStyleTotalSize
2025/06/15-14:10:56.588253 7870c1c98cc0 Options.compaction_options_fifo.max_table_files_size: 1073741824
2025/06/15-14:10:56.588258 7870c1c98cc0 Options.compaction_options_fifo.allow_compaction: 0
2025/06/15-14:10:56.588260 7870c1c98cc0                   Options.table_properties_collectors: 
2025/06/15-14:10:56.588261 7870c1c98cc0                   Options.inplace_update_support: 0
2025/06/15-14:10:56.588261 7870c1c98cc0                 Options.inplace_update_num_locks: 10000
2025/06/15-14:10:56.588262 7870c1c98cc0               Options.memtable_prefix_bloom_size_ratio: 0.000000
2025/06/15-14:10:56.588262 7870c1c98cc0               Options.memtable_whole_key_filtering: 0
2025/06/15-14:10:56.588263 7870c1c98cc0   Options.memtable_huge_page_size: 0
2025/06/15-14:10:56.588263 7870c1c98cc0                           Options.bloom_locality: 0
2025/06/15-14:10:56.588263 7870c1c98cc0                    Options.max_successive_merges: 0
2025/06/15-14:10:56.588264 7870c1c98cc0                Options.optimize_filters_for_hits: 0
2025/06/15-14:10:56.588264 7870c1c98cc0                Options.paranoid_file_checks: 0
2025/06/15-14:10:56.588265 7870c1c98cc0                Options.force_consistency_checks: 1
2025/06/15-14:10:56.588265 7870c1c98cc0                Options.report_bg_io_stats: 0
2025/06/15-14:10:56.588265 7870c1c98cc0                               Options.ttl: 2592000
2025/06/15-14:10:56.588266 7870c1c98cc0          Options.periodic_compaction_seconds: 0
2025/06/15-14:10:56.588266 7870c1c98cc0                    Options.enable_blob_files: false
2025/06/15-14:10:56.588266 7870c1c98cc0                        Options.min_blob_size: 0
2025/06/15-14:10:56.588267 7870c1c98cc0                       Options.blob_file_size: 268435456
2025/06/15-14:10:56.588267 7870c1c98cc0                Options.blob_compression_type: NoCompression
2025/06/15-14:10:56.588268 7870c1c98cc0       Options.enable_blob_garbage_collection: false
2025/06/15-14:10:56.588268 7870c1c98cc0   Options.blob_garbage_collection_age_cutoff: 0.250000
2025/06/15-14:10:56.588562 7870c1c98cc0 [db/column_family.cc:595] --------------- Options for column family [CE]:
2025/06/15-14:10:56.588565 7870c1c98cc0               Options.comparator: leveldb.BytewiseComparator
2025/06/15-14:10:56.588565 7870c1c98cc0           Options.merge_operator: None
2025/06/15-14:10:56.588567 7870c1c98cc0        Options.compaction_filter: filter_outdated
2025/06/15-14:10:56.588568 7870c1c98cc0        Options.compaction_filter_factory: None
2025/06/15-14:10:56.588568 7870c1c98cc0  Options.sst_partitioner_factory: None
2025/06/15-14:10:56.588569 7870c1c98cc0         Options.memtable_factory: SkipListFactory
2025/06/15-14:10:56.588569 7870c1c98cc0            Options.table_factory: BlockBasedTable
2025/06/15-14:10:56.588576 7870c1c98cc0            table_factory options:   flush_block_policy_factory: FlushBlockBySizePolicyFactory (0x559985885300)
  cache_index_and_filter_blocks: 0
  cache_index_and_filter_blocks_with_high_priority: 1
  pin_l0_filter_and_index_blocks_in_cache: 0
  pin_top_level_index_and_filter: 1
  index_type: 0
  data_block_index_type: 0
  index_shortening: 1
  data_block_hash_table_util_ratio: 0.750000
  hash_index_allow_collision: 1
  checksum: 1
  no_block_cache: 0
  block_cache: 0x55998597ed40
  block_cache_name: LRUCache
  block_cache_options:
    capacity : 8388608
    num_shard_bits : 4
    strict_capacity_limit : 0
    memory_allocator : None
    high_pri_pool_ratio: 0.000
  block_cache_compressed: (nil)
  persistent_cache: (nil)
  block_size: 4096
  block_size_deviation: 10
  block_restart_interval: 16
  index_block_restart_interval: 1
  metadata_block_size: 4096
  partition_filters: 0
  use_delta_encoding: 1
  filter_policy: nullptr
  whole_key_filtering: 1
  verify_compression: 0
  read_amp_bytes_per_bit: 0
  format_version: 4
  enable_index_compression: 1
  block_align: 0
2025/06/15-14:10:56.588577 7870c1c98cc0        Options.write_buffer_size: 67108864
2025/06/15-14:10:56.588577 7870c1c98cc0  Options.max_write_buffer_number: 2
2025/06/15-14:10:56.588577 7870c1c98cc0          Options.compression: NoCompression
2025/06/15-14:10:56.588604 7870c1c98cc0                  Options.bottommost_compression: Disabled
2025/06/15-14:10:56.588605 7870c1c98cc0       Options.prefix_extractor: nullptr
2025/06/15-14:10:56.588606 7870c1c98cc0   Options.memtable_insert_with_hint_prefix_extractor: nullptr
2025/06/15-14:10:56.588606 7870c1c98cc0             Options.num_levels: 7
2025/06/15-14:10:56.588607 7870c1c98cc0        Options.min_write_buffer_number_to_merge: 1
2025/06/15-14:10:56.588607 7870c1c98cc0     Options.max_write_buffer_number_to_maintain: 0
2025/06/15-14:10:56.588608 7870c1c98cc0     Options.max_write_buffer_size_to_maintain: 0
2025/06/15-14:10:56.588608 7870c1c98cc0            Options.bottommost_compression_opts.window_bits: -14
2025/06/15-14:10:56.588609 7870c1c98cc0                  Options.bottommost_compression_opts.level: 32767
2025/06/15-14:10:56.588609 7870c1c98cc0               Options.bottommost_compression_opts.strategy: 0
2025/06/15-14:10:56.588609 7870c1c98cc0         Options.bottommost_compression_opts.max_dict_bytes: 0
2025/06/15-14:10:56.588610 7870c1c98cc0         Options.bottommost_compression_opts.zstd_max_train_bytes: 0
2025/06/15-14:10:56.588610 7870c1c98cc0         Options.bottommost_compression_opts.parallel_threads: 1
2025/06/15-14:10:56.588611 7870c1c98cc0                  Options.bottommost_compression_opts.enabled: false
2025/06/15-14:10:56.588611 7870c1c98cc0            Options.compression_opts.window_bits: -14
2025/06/15-14:10:56.588611 7870c1c98cc0                  Options.compression_opts.level: 32767
2025/06/15-14:10:56.588612 7870c1c98cc0               Options.compression_opts.strategy: 0
2025/06/15-14:10:56.588612 7870c1c98cc0         Options.compression_opts.max_dict_bytes: 0
2025/06/15-14:10:56.588612 7870c1c98cc0         Options.compression_opts.zstd_max_train_bytes: 0
2025/06/15-14:10:56.588613 7870c1c98cc0         Options.compression_opts.parallel_threads: 1
2025/06/15-14:10:56.588613 7870c1c98cc0                  Options.compression_opts.enabled: false
2025/06/15-14:10:56.588614 7870c1c98cc0      Options.level0_file_num_compaction_trigger: 4
2025/06/15-14:10:56.588614 7870c1c98cc0          Options.level0_slowdown_writes_trigger: 20
2025/06/15-14:10:56.588614 7870c1c98cc0              Options.level0_stop_writes_trigger: 36
2025/06/15-14:10:56.588615 7870c1c98cc0                   Options.target_file_size_base: 67108864
2025/06/15-14:10:56.588615 7870c1c98cc0             Options.target_file_size_multiplier: 1
2025/06/15-14:10:56.588615 7870c1c98cc0                Options.max_bytes_for_level_base: 268435456
2025/06/15-14:10:56.588616 7870c1c98cc0 Options.level_compaction_dynamic_level_bytes: 0
2025/06/15-14:10:56.588616 7870c1c98cc0          Options.max_bytes_for_level_multiplier: 10.000000
2025/06/15-14:10:56.588617 7870c1c98cc0 Options.max_bytes_for_level_multiplier_addtl[0]: 1
2025/06/15-14:10:56.588618 7870c1c98cc0 Options.max_bytes_for_level_multiplier_addtl[1]: 1
2025/06/15-14:10:56.588618 7870c1c98cc0 Options.max_bytes_for_level_multiplier_addtl[2]: 1
2025/06/15-14:10:56.588618 7870c1c98cc0 Options.max_bytes_for_level_multiplier_addtl[3]: 1
2025/06/15-14:10:56.588619 7870c1c98cc0 Options.max_bytes_for_level_multiplier_addtl[4]: 1
2025/06/15-14:10:56.588619 7870c1c98cc0 Options.max_bytes_for_level_multiplier_addtl[5]: 1
2025/06/15-14:10:56.588620 7870c1c98cc0 Options.max_bytes_for_level_multiplier_addtl[6]: 1
2025/06/15-14:10:56.588620 7870c1c98cc0       Options.max_sequential_skip_in_iterations: 8
2025/06/15-14:10:56.588620 7870c1c98cc0                    Options.max_compaction_bytes: 1677721600
2025/06/15-14:10:56.588621 7870c1c98cc0                        Options.arena_block_size: 8388608
2025/06/15-14:10:56.588621 7870c1c98cc0   Options.soft_pending_compaction_bytes_limit: 68719476736
2025/06/15-14:10:56.588621 7870c1c98cc0   Options.hard_pending_compaction_bytes_limit: 274877906944
2025/06/15-14:10:56.588622 7870c1c98cc0       Options.rate_limit_delay_max_milliseconds: 100
2025/06/15-14:10:56.588622 7870c1c98cc0                Options.disable_auto_compactions: 1
2025/06/15-14:10:56.588623 7870c1c98cc0                        Options.compaction_style: kCompactionStyleLevel
2025/06/15-14:10:56.588639 7870c1c98cc0                          Options.compaction_pri: kMinOverlappingRatio
2025/06/15-14:10:56.588640 7870c1c98cc0 Options.compaction_options_universal.size_ratio: 1
2025/06/15-14:10:56.588641 7870c1c98cc0 Options.compaction_options_universal.min_merge_width: 2
2025/06/15-14:10:56.588641 7870c1c98cc0 Options.compaction_options_universal.max_merge_width: 4294967295
2025/06/15-14:10:56.588642 7870c1c98cc0 Options.compaction_options_universal.max_size_amplification_percent: 200
2025/06/15-14:10:56.588642 7870c1c98cc0 Options.compaction_options_universal.compression_size_percent: -1
2025/06/15-14:10:56.588643 7870c1c98cc0 Options.compaction_options_universal.stop_style: kCompactionStopStyleTotalSize
2025/06/15-14:10:56.588643 7870c1c98cc0 Options.compaction_options_fifo.max_table_files_size: 1073741824
2025/06/15-14:10:56.588644 7870c1c98cc0 Options.compaction_options_fifo.allow_compaction: 0
2025/06/15-14:10:56.588645 7870c1c98cc0                   Options.table_properties_collectors: 
2025/06/15-14:10:56.588646 7870c1c98cc0                   Options.inplace_update_support: 0
2025/06/15-14:10:56.588646 7870c1c98cc0                 Options.inplace_update_num_locks: 10000
2025/06/15-14:10:56.588647 7870c1c98cc0               Options.memtable_prefix_bloom_size_ratio: 0.000000
2025/06/15-14:10:56.588647 7870c1c98cc0               Options.memtable_whole_key_filtering: 0
2025/06/15-14:10:56.588648 7870c1c98cc0   Options.memtable_huge_page_size: 0
2025/06/15-14:10:56.588648 7870c1c98cc0                           Options.bloom_locality: 0
2025/06/15-14:10:56.588649 7870c1c98cc0                    Options.max_successive_merges: 0
2025/06/15-14:10:56.588649 7870c1c98cc0                Options.optimize_filters_for_hits: 0
2025/06/15-14:10:56.588649 7870c1c98cc0                Options.paranoid_file_checks: 0
2025/06/15-14:10:56.588650 7870c1c98cc0                Options.force_consistency_checks: 1
2025/06/15-14:10:56.588650 7870c1c98cc0                Options.report_bg_io_stats: 0
2025/06/15-14:10:56.588650 7870c1c98cc0                               Options.ttl: 2592000
2025/06/15-14:10:56.588651 7870c1c98cc0          Options.periodic_compaction_seconds: 2592000
2025/06/15-14:10:56.588651 7870c1c98cc0                    Options.enable_blob_files: false
2025/06/15-14:10:56.588652 7870c1c98cc0                        Options.min_blob_size: 0
2025/06/15-14:10:56.588652 7870c1c98cc0                       Options.blob_file_size: 268435456
2025/06/15-14:10:56.588652 7870c1c98cc0                Options.blob_compression_type: NoCompression
2025/06/15-14:10:56.588653 7870c1c98cc0       Options.enable_blob_garbage_collection: false
2025/06/15-14:10:56.588653 7870c1c98cc0   Options.blob_garbage_collection_age_cutoff: 0.250000
2025/06/15-14:10:56.588694 7870c1c98cc0 [db/column_family.cc:595] --------------- Options for column family [CES]:
2025/06/15-14:10:56.588695 7870c1c98cc0               Options.comparator: leveldb.BytewiseComparator
2025/06/15-14:10:56.588696 7870c1c98cc0           Options.merge_operator: None
2025/06/15-14:10:56.588697 7870c1c98cc0        Options.compaction_filter: filter_outdated
2025/06/15-14:10:56.588698 7870c1c98cc0        Options.compaction_filter_factory: None
2025/06/15-14:10:56.588699 7870c1c98cc0  Options.sst_partitioner_factory: None
2025/06/15-14:10:56.588700 7870c1c98cc0         Options.memtable_factory: SkipListFactory
2025/06/15-14:10:56.588700 7870c1c98cc0            Options.table_factory: BlockBasedTable
2025/06/15-14:10:56.588706 7870c1c98cc0            table_factory options:   flush_block_policy_factory: FlushBlockBySizePolicyFactory (0x5599858754f0)
  cache_index_and_filter_blocks: 0
  cache_index_and_filter_blocks_with_high_priority: 1
  pin_l0_filter_and_index_blocks_in_cache: 0
  pin_top_level_index_and_filter: 1
  index_type: 0
  data_block_index_type: 0
  index_shortening: 1
  data_block_hash_table_util_ratio: 0.750000
  hash_index_allow_collision: 1
  checksum: 1
  no_block_cache: 0
  block_cache: 0x559985878c70
  block_cache_name: LRUCache
  block_cache_options:
    capacity : 8388608
    num_shard_bits : 4
    strict_capacity_limit : 0
    memory_allocator : None
    high_pri_pool_ratio: 0.000
  block_cache_compressed: (nil)
  persistent_cache: (nil)
  block_size: 4096
  block_size_deviation: 10
  block_restart_interval: 16
  index_block_restart_interval: 1
  metadata_block_size: 4096
  partition_filters: 0
  use_delta_encoding: 1
  filter_policy: nullptr
  whole_key_filtering: 1
  verify_compression: 0
  read_amp_bytes_per_bit: 0
  format_version: 4
  enable_index_compression: 1
  block_align: 0
2025/06/15-14:10:56.588711 7870c1c98cc0        Options.write_buffer_size: 67108864
2025/06/15-14:10:56.588711 7870c1c98cc0  Options.max_write_buffer_number: 2
2025/06/15-14:10:56.588712 7870c1c98cc0          Options.compression: NoCompression
2025/06/15-14:10:56.588712 7870c1c98cc0                  Options.bottommost_compression: Disabled
2025/06/15-14:10:56.588713 7870c1c98cc0       Options.prefix_extractor: nullptr
2025/06/15-14:10:56.588713 7870c1c98cc0   Options.memtable_insert_with_hint_prefix_extractor: nullptr
2025/06/15-14:10:56.588713 7870c1c98cc0             Options.num_levels: 7
2025/06/15-14:10:56.588714 7870c1c98cc0        Options.min_write_buffer_number_to_merge: 1
2025/06/15-14:10:56.588714 7870c1c98cc0     Options.max_write_buffer_number_to_maintain: 0
2025/06/15-14:10:56.588714 7870c1c98cc0     Options.max_write_buffer_size_to_maintain: 0
2025/06/15-14:10:56.588715 7870c1c98cc0            Options.bottommost_compression_opts.window_bits: -14
2025/06/15-14:10:56.588715 7870c1c98cc0                  Options.bottommost_compression_opts.level: 32767
2025/06/15-14:10:56.588716 7870c1c98cc0               Options.bottommost_compression_opts.strategy: 0
2025/06/15-14:10:56.588716 7870c1c98cc0         Options.bottommost_compression_opts.max_dict_bytes: 0
2025/06/15-14:10:56.588716 7870c1c98cc0         Options.bottommost_compression_opts.zstd_max_train_bytes: 0
2025/06/15-14:10:56.588717 7870c1c98cc0         Options.bottommost_compression_opts.parallel_threads: 1
2025/06/15-14:10:56.588717 7870c1c98cc0                  Options.bottommost_compression_opts.enabled: false
2025/06/15-14:10:56.588717 7870c1c98cc0            Options.compression_opts.window_bits: -14
2025/06/15-14:10:56.588718 7870c1c98cc0                  Options.compression_opts.level: 32767
2025/06/15-14:10:56.588718 7870c1c98cc0               Options.compression_opts.strategy: 0
2025/06/15-14:10:56.588719 7870c1c98cc0         Options.compression_opts.max_dict_bytes: 0
2025/06/15-14:10:56.588719 7870c1c98cc0         Options.compression_opts.zstd_max_train_bytes: 0
2025/06/15-14:10:56.588719 7870c1c98cc0         Options.compression_opts.parallel_threads: 1
2025/06/15-14:10:56.588720 7870c1c98cc0                  Options.compression_opts.enabled: false
2025/06/15-14:10:56.588720 7870c1c98cc0      Options.level0_file_num_compaction_trigger: 4
2025/06/15-14:10:56.588720 7870c1c98cc0          Options.level0_slowdown_writes_trigger: 20
2025/06/15-14:10:56.588721 7870c1c98cc0              Options.level0_stop_writes_trigger: 36
2025/06/15-14:10:56.588721 7870c1c98cc0                   Options.target_file_size_base: 67108864
2025/06/15-14:10:56.588721 7870c1c98cc0             Options.target_file_size_multiplier: 1
2025/06/15-14:10:56.588722 7870c1c98cc0                Options.max_bytes_for_level_base: 268435456
2025/06/15-14:10:56.588722 7870c1c98cc0 Options.level_compaction_dynamic_level_bytes: 0
2025/06/15-14:10:56.588723 7870c1c98cc0          Options.max_bytes_for_level_multiplier: 10.000000
2025/06/15-14:10:56.588723 7870c1c98cc0 Options.max_bytes_for_level_multiplier_addtl[0]: 1
2025/06/15-14:10:56.588724 7870c1c98cc0 Options.max_bytes_for_level_multiplier_addtl[1]: 1
2025/06/15-14:10:56.588724 7870c1c98cc0 Options.max_bytes_for_level_multiplier_addtl[2]: 1
2025/06/15-14:10:56.588725 7870c1c98cc0 Options.max_bytes_for_level_multiplier_addtl[3]: 1
2025/06/15-14:10:56.588725 7870c1c98cc0 Options.max_bytes_for_level_multiplier_addtl[4]: 1
2025/06/15-14:10:56.588728 7870c1c98cc0 Options.max_bytes_for_level_multiplier_addtl[5]: 1
2025/06/15-14:10:56.588728 7870c1c98cc0 Options.max_bytes_for_level_multiplier_addtl[6]: 1
2025/06/15-14:10:56.588729 7870c1c98cc0       Options.max_sequential_skip_in_iterations: 8
2025/06/15-14:10:56.588729 7870c1c98cc0                    Options.max_compaction_bytes: 1677721600
2025/06/15-14:10:56.588729 7870c1c98cc0                        Options.arena_block_size: 8388608
2025/06/15-14:10:56.588730 7870c1c98cc0   Options.soft_pending_compaction_bytes_limit: 68719476736
2025/06/15-14:10:56.588730 7870c1c98cc0   Options.hard_pending_compaction_bytes_limit: 274877906944
2025/06/15-14:10:56.588731 7870c1c98cc0       Options.rate_limit_delay_max_milliseconds: 100
2025/06/15-14:10:56.588731 7870c1c98cc0                Options.disable_auto_compactions: 1
2025/06/15-14:10:56.588732 7870c1c98cc0                        Options.compaction_style: kCompactionStyleLevel
2025/06/15-14:10:56.588732 7870c1c98cc0                          Options.compaction_pri: kMinOverlappingRatio
2025/06/15-14:10:56.588732 7870c1c98cc0 Options.compaction_options_universal.size_ratio: 1
2025/06/15-14:10:56.588733 7870c1c98cc0 Options.compaction_options_universal.min_merge_width: 2
2025/06/15-14:10:56.588733 7870c1c98cc0 Options.compaction_options_universal.max_merge_width: 4294967295
2025/06/15-14:10:56.588733 7870c1c98cc0 Options.compaction_options_universal.max_size_amplification_percent: 200
2025/06/15-14:10:56.588734 7870c1c98cc0 Options.compaction_options_universal.compression_size_percent: -1
2025/06/15-14:10:56.588734 7870c1c98cc0 Options.compaction_options_universal.stop_style: kCompactionStopStyleTotalSize
2025/06/15-14:10:56.588735 7870c1c98cc0 Options.compaction_options_fifo.max_table_files_size: 1073741824
2025/06/15-14:10:56.588735 7870c1c98cc0 Options.compaction_options_fifo.allow_compaction: 0
2025/06/15-14:10:56.588736 7870c1c98cc0                   Options.table_properties_collectors: 
2025/06/15-14:10:56.588736 7870c1c98cc0                   Options.inplace_update_support: 0
2025/06/15-14:10:56.588737 7870c1c98cc0                 Options.inplace_update_num_locks: 10000
2025/06/15-14:10:56.588737 7870c1c98cc0               Options.memtable_prefix_bloom_size_ratio: 0.000000
2025/06/15-14:10:56.588737 7870c1c98cc0               Options.memtable_whole_key_filtering: 0
2025/06/15-14:10:56.588738 7870c1c98cc0   Options.memtable_huge_page_size: 0
2025/06/15-14:10:56.588738 7870c1c98cc0                           Options.bloom_locality: 0
2025/06/15-14:10:56.588739 7870c1c98cc0                    Options.max_successive_merges: 0
2025/06/15-14:10:56.588739 7870c1c98cc0                Options.optimize_filters_for_hits: 0
2025/06/15-14:10:56.588756 7870c1c98cc0                Options.paranoid_file_checks: 0
2025/06/15-14:10:56.588757 7870c1c98cc0                Options.force_consistency_checks: 1
2025/06/15-14:10:56.588757 7870c1c98cc0                Options.report_bg_io_stats: 0
2025/06/15-14:10:56.588757 7870c1c98cc0                               Options.ttl: 2592000
2025/06/15-14:10:56.588758 7870c1c98cc0          Options.periodic_compaction_seconds: 2592000
2025/06/15-14:10:56.588758 7870c1c98cc0                    Options.enable_blob_files: false
2025/06/15-14:10:56.588758 7870c1c98cc0                        Options.min_blob_size: 0
2025/06/15-14:10:56.588759 7870c1c98cc0                       Options.blob_file_size: 268435456
2025/06/15-14:10:56.588759 7870c1c98cc0                Options.blob_compression_type: NoCompression
2025/06/15-14:10:56.588760 7870c1c98cc0       Options.enable_blob_garbage_collection: false
2025/06/15-14:10:56.588760 7870c1c98cc0   Options.blob_garbage_collection_age_cutoff: 0.250000
2025/06/15-14:10:56.591376 7870c1c98cc0 [db/version_set.cc:4798] Recovered from manifest file:/home/darshan/ic-projects/dkeeper/.dfx/state/replicated_state/node-100/ic_consensus_pool/certification/MANIFEST-000003 succeeded,manifest_file_number is 3, next_file_number is 18, last_sequence is 204, log_number is 14,prev_log_number is 0,max_column_family is 2,min_log_number_to_keep is 0
2025/06/15-14:10:56.591410 7870c1c98cc0 [db/version_set.cc:4813] Column family [default] (ID 0), log number is 0
2025/06/15-14:10:56.591411 7870c1c98cc0 [db/version_set.cc:4813] Column family [CE] (ID 1), log number is 11
2025/06/15-14:10:56.591412 7870c1c98cc0 [db/version_set.cc:4813] Column family [CES] (ID 2), log number is 14
2025/06/15-14:10:56.591655 7870c1c98cc0 [db/version_set.cc:4112] Creating manifest 18
2025/06/15-14:10:56.598377 7870c1c98cc0 EVENT_LOG_v1 {"time_micros": 1749996656598372, "job": 1, "event": "recovery_started", "wal_files": [11, 14]}
2025/06/15-14:10:56.598381 7870c1c98cc0 [db/db_impl/db_impl_open.cc:847] Recovering log #11 mode 2
2025/06/15-14:10:56.598558 7870c1c98cc0 [db/db_impl/db_impl_open.cc:847] Recovering log #14 mode 2
2025/06/15-14:10:56.609513 7870c1c98cc0 EVENT_LOG_v1 {"time_micros": 1749996656609494, "cf_name": "CE", "job": 1, "event": "table_file_creation", "file_number": 19, "file_size": 748808, "file_checksum": "", "file_checksum_func_name": "Unknown", "table_properties": {"data_size": 744439, "index_size": 3512, "index_partitions": 0, "top_level_index_size": 0, "index_key_is_user_key": 1, "index_value_is_delta_encoded": 1, "filter_size": 0, "raw_key_size": 175056, "raw_average_key_size": 48, "raw_value_size": 574637, "raw_average_value_size": 157, "num_data_blocks": 183, "num_entries": 3647, "num_deletions": 0, "num_merge_operands": 0, "num_range_deletions": 0, "format_version": 0, "fixed_key_len": 0, "filter_policy": "", "column_family_name": "CE", "column_family_id": 1, "comparator": "leveldb.BytewiseComparator", "merge_operator": "nullptr", "prefix_extractor_name": "nullptr", "property_collectors": "[]", "compression": "NoCompression", "compression_options": "window_bits=-14; level=32767; strategy=0; max_dict_bytes=0; zstd_max_train_bytes=0; enabled=0; ", "creation_time": 1749996656, "oldest_key_time": 0, "file_creation_time": 0, "db_id": "7f7bff28-d9c3-4d1b-976e-e9f0ba873c1e", "db_session_id": "H8M236ZHPU1522RRE7UX"}}
